1558601905.863685, 0
1558601905.878072, 1
1558601905.893426, 0
1558601905.911875, 6
1558601905.926687, 0
1558601905.941585, 5
1558601905.958016, 7
1558601905.973399, 16
1558601905.989138, 17
1558601906.004090, 20
1558601906.019279, 21
1558601906.034194, 27
1558601906.048947, 31
1558601906.064650, 34
1558601906.079863, 39
1558601906.095667, 45
1558601906.110495, 49
1558601906.126366, 49
1558601906.141353, 49
1558601906.156495, 50
1558601906.171714, 50
1558601906.187348, 50
1558601906.202612, 49
1558601906.218437, 50
1558601906.237879, 50
1558601906.257912, 50
1558601906.277722, 49
1558601906.298360, 50
1558601906.317739, 50
1558601906.336505, 50
1558601906.355252, 48
1558601906.370762, 48
1558601906.384975, 50
1558601906.399365, 49
1558601906.414431, 50
1558601906.430743, 50
1558601906.446508, 49
1558601906.462235, 50
1558601906.477369, 50
1558601906.492320, 49
1558601906.508048, 49
1558601906.522710, 48
1558601906.537674, 48
1558601906.553019, 47
1558601906.567788, 50
1558601906.582477, 49
1558601906.597749, 50
1558601906.613023, 49
1558601906.628203, 49
1558601906.643128, 49
1558601906.658666, 49
1558601906.672985, 48
1558601906.687790, 50
1558601906.702485, 48
1558601906.717724, 47
1558601906.733040, 47
1558601906.748374, 49
1558601906.768887, 50
1558601906.788990, 48
1558601906.809473, 47
1558601906.824689, 47
1558601906.840102, 49
1558601906.854828, 47
1558601906.869467, 48
1558601906.884013, 50
1558601906.897843, 49
1558601906.912340, 46
1558601906.926196, 48
1558601906.940477, 48
1558601906.955261, 46
1558601906.969139, 43
1558601906.983067, 43
1558601906.997237, 37
1558601907.011490, 33
1558601907.025847, 27
1558601907.041105, 21
1558601907.055993, 16
1558601907.070396, 16
1558601907.085070, 19
1558601907.099104, 18
1558601907.113260, 18
1558601907.127646, 18
1558601907.142091, 16
1558601907.155953, 16
1558601907.170062, 14
1558601907.184871, 17
1558601907.198733, 16
1558601907.213245, 16
1558601907.228162, 15
1558601907.244289, 15
1558601907.259693, 15
1558601907.275007, 16
1558601907.289540, 18
1558601907.304246, 17
1558601907.319356, 20
1558601907.334599, 18
1558601907.349986, 19
1558601907.364632, 16
1558601907.379938, 16
1558601907.394672, 18
1558601907.408987, 19
1558601907.423734, 17
1558601907.439123, 17
1558601907.454058, 17
1558601907.470439, 18
1558601907.485786, 18
1558601907.501642, 19
1558601907.516489, 20
1558601907.532918, 19
1558601907.548071, 18
1558601907.563192, 19
1558601907.578777, 19
1558601907.598876, 19
1558601907.618163, 21
1558601907.637538, 19
1558601907.657310, 19
1558601907.673358, 19
1558601907.688580, 19
1558601907.703542, 21
1558601907.718515, 21
1558601907.734006, 19
1558601907.750058, 19
1558601907.765746, 20
1558601907.782750, 21
1558601907.797966, 21
1558601907.813841, 22
1558601907.829062, 22
1558601907.844806, 22
1558601907.860023, 22
1558601907.875663, 21
1558601907.891401, 22
1558601907.906237, 21
1558601907.921926, 22
1558601907.938018, 22
1558601907.953281, 21
1558601907.968028, 21
1558601907.983199, 22
1558601907.998597, 23
1558601908.014054, 24
1558601908.030556, 25
1558601908.047154, 22
1558601908.062216, 24
1558601908.077259, 22
1558601908.092193, 24
1558601908.106638, 23
1558601908.121933, 23
1558601908.137074, 23
1558601908.158353, 23
1558601908.176897, 24
1558601908.191968, 25
1558601908.207646, 24
1558601908.222679, 24
1558601908.238606, 24
1558601908.253820, 24
1558601908.268793, 24
1558601908.283754, 24
1558601908.298511, 24
1558601908.314190, 25
1558601908.329406, 25
1558601908.345039, 25
1558601908.361130, 24
1558601908.376462, 25
1558601908.391599, 25
1558601908.408035, 26
1558601908.423420, 26
1558601908.438589, 26
1558601908.454133, 26
1558601908.469275, 25
1558601908.484238, 26
1558601908.500212, 27
1558601908.520830, 26
1558601908.539388, 25
1558601908.558815, 26
1558601908.578103, 25
1558601908.597843, 27
1558601908.618421, 27
1558601908.634457, 26
1558601908.650167, 27
1558601908.665957, 27
1558601908.682253, 26
1558601908.697316, 27
1558601908.712921, 27
1558601908.728126, 27
1558601908.743245, 28
1558601908.757814, 26
1558601908.772971, 26
1558601908.787800, 26
1558601908.803334, 27
1558601908.818165, 28
1558601908.833765, 28
1558601908.849419, 28
1558601908.864726, 28
1558601908.881032, 28
1558601908.897987, 28
1558601908.913726, 27
1558601908.928870, 28
1558601908.943994, 28
1558601908.959512, 28
1558601908.974994, 28
1558601908.990506, 28
1558601909.006417, 29
1558601909.022032, 30
1558601909.037469, 30
1558601909.052386, 29
1558601909.067369, 29
1558601909.082512, 28
1558601909.097146, 29
1558601909.112239, 29
1558601909.127612, 29
1558601909.142576, 29
1558601909.157258, 30
1558601909.172078, 30
1558601909.187872, 28
1558601909.202888, 29
1558601909.218801, 30
1558601909.233805, 30
1558601909.249543, 31
1558601909.265004, 30
1558601909.279985, 30
1558601909.295885, 29
1558601909.311162, 31
1558601909.327011, 31
1558601909.343189, 30
1558601909.358687, 31
1558601909.373341, 31
1558601909.388817, 30
1558601909.403296, 30
1558601909.417823, 32
1558601909.433530, 32
1558601909.448644, 31
1558601909.463560, 32
1558601909.478301, 31
1558601909.493777, 31
1558601909.508614, 33
1558601909.523786, 31
1558601909.538672, 31
1558601909.553976, 33
1558601909.573194, 33
1558601909.587951, 31
1558601909.602681, 31
1558601909.617205, 32
1558601909.632344, 32
1558601909.648655, 34
1558601909.663994, 33
1558601909.679342, 32
1558601909.694445, 32
1558601909.709397, 33
1558601909.724729, 33
1558601909.739667, 34
1558601909.755443, 35
1558601909.770810, 34
1558601909.786723, 33
1558601909.801929, 35
1558601909.817384, 34
1558601909.833596, 36
1558601909.848661, 35
1558601909.863405, 34
1558601909.879196, 34
1558601909.894541, 33
1558601909.909575, 34
1558601909.924674, 35
1558601909.939875, 34
1558601909.955191, 34
1558601909.969944, 34
1558601909.985105, 34
1558601910.000234, 34
1558601910.015208, 35
1558601910.030915, 35
1558601910.046570, 35
1558601910.061482, 35
1558601910.076278, 36
1558601910.091949, 35
1558601910.106597, 35
1558601910.121694, 36
1558601910.137384, 35
1558601910.153047, 35
1558601910.167577, 35
1558601910.182882, 35
1558601910.199223, 36
1558601910.214331, 37
1558601910.229857, 35
1558601910.245851, 36
1558601910.261527, 36
1558601910.277439, 35
1558601910.292692, 35
1558601910.307957, 37
1558601910.323278, 36
1558601910.338942, 36
1558601910.354020, 36
1558601910.369810, 36
1558601910.384967, 36
1558601910.400184, 36
1558601910.415246, 38
1558601910.430478, 37
1558601910.445611, 37
1558601910.461158, 37
1558601910.481955, 36
1558601910.500363, 37
1558601910.515843, 37
1558601910.530836, 38
1558601910.545937, 37
1558601910.562458, 37
1558601910.580708, 38
1558601910.596127, 36
1558601910.611310, 37
1558601910.626775, 38
1558601910.642639, 38
1558601910.657387, 38
1558601910.672927, 38
1558601910.689109, 37
1558601910.703986, 39
1558601910.718961, 37
1558601910.734216, 39
1558601910.749671, 39
1558601910.764924, 39
1558601910.780706, 39
1558601910.796441, 38
1558601910.811136, 38
1558601910.825704, 38
1558601910.840788, 40
1558601910.855832, 40
1558601910.871482, 39
1558601910.886684, 40
1558601910.902122, 40
1558601910.922360, 39
1558601910.943699, 41
1558601910.963240, 40
1558601910.983275, 40
1558601911.002884, 40
1558601911.024265, 40
1558601911.038818, 39
1558601911.054561, 40
1558601911.070417, 41
1558601911.084586, 41
1558601911.099969, 41
1558601911.119998, 40
1558601911.138632, 40
1558601911.158135, 40
1558601911.173833, 41
1558601911.188955, 40
1558601911.204116, 39
1558601911.218972, 42
1558601911.234065, 42
1558601911.248571, 42
1558601911.264390, 41
1558601911.279647, 42
1558601911.294598, 41
1558601911.310139, 40
1558601911.326122, 41
1558601911.341818, 41
1558601911.356126, 40
1558601911.371593, 41
1558601911.385404, 42
1558601911.400373, 42
1558601911.414895, 42
1558601911.430495, 42
1558601911.449269, 42
1558601911.468586, 41
1558601911.487491, 42
1558601911.507727, 43
1558601911.526537, 42
1558601911.546793, 42
1558601911.567424, 43
1558601911.588355, 41
1558601911.608884, 43
1558601911.628944, 43
1558601911.649693, 42
1558601911.669560, 42
1558601911.683918, 43
1558601911.699336, 43
1558601911.714554, 44
1558601911.729532, 45
1558601911.744520, 45
1558601911.760029, 46
1558601911.774675, 45
1558601911.790374, 45
1558601911.805620, 44
1558601911.820458, 43
1558601911.834547, 44
1558601911.850269, 44
1558601911.866086, 43
1558601911.882030, 44
1558601911.897264, 44
1558601911.912865, 44
1558601911.928522, 44
1558601911.943087, 44
1558601911.957726, 45
1558601911.972494, 44
1558601911.988389, 44
1558601912.003945, 44
1558601912.018494, 44
1558601912.034210, 44
1558601912.053451, 44
1558601912.073818, 45
1558601912.092749, 46
1558601912.111528, 46
1558601912.131992, 45
1558601912.151179, 45
1558601912.165788, 46
1558601912.181148, 45
1558601912.196521, 45
1558601912.210959, 45
1558601912.231876, 45
1558601912.253024, 45
1558601912.272582, 46
1558601912.292995, 46
1558601912.313611, 47
1558601912.329561, 46
1558601912.344413, 46
1558601912.359659, 45
1558601912.374960, 46
1558601912.390919, 46
1558601912.407992, 45
1558601912.423420, 45
1558601912.438842, 47
1558601912.454066, 46
1558601912.470217, 47
1558601912.486041, 47
1558601912.501780, 46
1558601912.521222, 46
1558601912.540149, 46
1558601912.554051, 46
1558601912.569579, 48
1558601912.584346, 48
1558601912.599188, 47
1558601912.613694, 47
1558601912.629484, 46
1558601912.644960, 46
1558601912.660191, 47
1558601912.676057, 47
1558601912.691838, 47
1558601912.707234, 47
1558601912.723171, 48
1558601912.743936, 48
1558601912.763112, 47
1558601912.782856, 47
1558601912.802770, 47
1558601912.821511, 49
1558601912.841526, 48
1558601912.861676, 47
1558601912.881144, 47
1558601912.901358, 48
1558601912.920567, 48
1558601912.940833, 49
1558601912.960587, 49
1558601912.980546, 48
1558601913.000469, 49
1558601913.020827, 50
1558601913.042152, 49
1558601913.058262, 48
1558601913.077684, 48
1558601913.097375, 49
1558601913.116645, 50
1558601913.135912, 49
1558601913.156531, 50
1558601913.176010, 48
1558601913.197781, 49
1558601913.216989, 49
1558601913.235981, 49
1558601913.255182, 48
1558601913.270683, 48
1558601913.285859, 49
1558601913.305108, 48
1558601913.324089, 50
1558601913.342803, 48
1558601913.365098, 48
1558601913.385166, 47
1558601913.404226, 48
1558601913.425383, 48
1558601913.445163, 46
1558601913.464947, 46
1558601913.485234, 41
1558601913.505675, 39
1558601913.525788, 39
1558601913.544594, 39
1558601913.566198, 30
1558601913.588430, 22
1558601913.608208, 21
1558601913.627384, 23
1558601913.647189, 22
1558601913.666459, 22
1558601913.685564, 22
1558601913.704281, 21
1558601913.723646, 22
1558601913.743420, 23
1558601913.763559, 23
1558601913.784007, 22
1558601913.804699, 23
1558601913.823426, 24
1558601913.843671, 24
1558601913.863981, 23
1558601913.883663, 23
1558601913.902750, 23
1558601913.923452, 24
1558601913.943868, 24
1558601913.961747, 24
1558601913.981022, 24
1558601914.001495, 24
1558601914.021808, 26
1558601914.041819, 25
1558601914.061717, 25
1558601914.080625, 26
1558601914.100588, 25
1558601914.120498, 24
1558601914.139996, 27
1558601914.155203, 26
1558601914.170614, 26
1558601914.185826, 26
1558601914.200683, 25
1558601914.216246, 24
1558601914.231594, 27
1558601914.247466, 26
1558601914.262618, 27
1558601914.278670, 27
1558601914.294984, 25
1558601914.309918, 26
1558601914.325234, 25
1558601914.341182, 27
1558601914.356688, 28
1558601914.371506, 27
1558601914.387068, 27
1558601914.402181, 26
1558601914.417098, 27
1558601914.431818, 28
1558601914.451136, 27
1558601914.470448, 28
1558601914.490660, 28
1558601914.507205, 27
1558601914.522827, 26
1558601914.538552, 28
1558601914.553877, 28
1558601914.569811, 29
1558601914.584823, 29
1558601914.599823, 27
1558601914.615201, 27
1558601914.630518, 28
1558601914.645624, 30
1558601914.661714, 29
1558601914.677078, 29
1558601914.692697, 30
1558601914.707532, 27
1558601914.722583, 28
1558601914.737561, 30
1558601914.752774, 30
1558601914.768390, 29
1558601914.783326, 30
1558601914.798996, 30
1558601914.813627, 29
1558601914.829871, 30
1558601914.845668, 31
1558601914.861451, 29
1558601914.876974, 31
1558601914.892665, 31
1558601914.907427, 31
1558601914.923187, 30
1558601914.938449, 30
1558601914.953747, 31
1558601914.969399, 31
1558601914.985123, 30
1558601915.000849, 32
1558601915.016814, 30
1558601915.032514, 29
1558601915.047424, 31
1558601915.063374, 31
1558601915.078487, 33
1558601915.094508, 32
1558601915.108836, 32
1558601915.123533, 31
1558601915.138190, 32
1558601915.153452, 31
1558601915.169249, 33
1558601915.184412, 32
1558601915.199051, 31
1558601915.214274, 32
1558601915.229357, 32
1558601915.245006, 32
1558601915.260204, 33
1558601915.279662, 33
1558601915.300135, 33
1558601915.320038, 33
1558601915.341707, 32
1558601915.356612, 34
1558601915.372440, 34
1558601915.387192, 34
1558601915.401946, 33
1558601915.417271, 32
1558601915.431530, 32
1558601915.446734, 33
1558601915.461717, 34
1558601915.480343, 34
1558601915.498473, 35
1558601915.517932, 33
1558601915.538048, 33
1558601915.553835, 34
1558601915.568942, 34
1558601915.584060, 35
1558601915.605770, 35
1558601915.625206, 33
1558601915.645052, 34
1558601915.661718, 35
1558601915.677315, 35
1558601915.692762, 34
1558601915.708259, 36
1558601915.724115, 34
1558601915.739124, 35
1558601915.753485, 35
1558601915.767564, 36
1558601915.781302, 35
1558601915.796321, 35
1558601915.810480, 35
1558601915.824315, 34
1558601915.838644, 37
1558601915.852652, 37
1558601915.865995, 37
1558601915.880405, 37
1558601915.894540, 36
1558601915.908832, 36
1558601915.923038, 36
1558601915.937374, 37
1558601915.951942, 36
1558601915.967069, 37
1558601915.981383, 37
1558601915.996594, 37
1558601916.010686, 36
1558601916.025288, 36
1558601916.039014, 38
1558601916.053013, 37
1558601916.066758, 37
1558601916.080484, 37
1558601916.096051, 38
1558601916.110802, 38
1558601916.126782, 36
1558601916.142713, 38
1558601916.157974, 37
1558601916.173197, 37
1558601916.188822, 37
1558601916.204488, 38
1558601916.219889, 38
1558601916.235793, 35
1558601916.251057, 39
1558601916.266460, 39
1558601916.281389, 38
1558601916.297465, 38
1558601916.315559, 38
1558601916.331263, 37
1558601916.347643, 39
1558601916.366634, 38
1558601916.381615, 39
1558601916.397769, 38
1558601916.413541, 39
1558601916.428889, 39
1558601916.444832, 38
1558601916.461136, 39
1558601916.476771, 40
1558601916.492714, 40
1558601916.507885, 38
1558601916.523767, 39
1558601916.538698, 39
1558601916.554115, 39
1558601916.569204, 40
1558601916.584814, 40
1558601916.599866, 39
1558601916.614820, 38
1558601916.630182, 40
1558601916.644500, 39
1558601916.658763, 39
1558601916.673959, 40
1558601916.689379, 40
1558601916.704995, 40
1558601916.720107, 40
1558601916.735180, 40
1558601916.750748, 40
1558601916.765167, 41
1558601916.779071, 41
1558601916.794492, 41
1558601916.810193, 41
1558601916.825926, 40
1558601916.841284, 40
1558601916.856332, 41
1558601916.871877, 40
1558601916.887217, 41
1558601916.902329, 42
1558601916.918480, 42
1558601916.933807, 41
1558601916.949353, 42
1558601916.969129, 41
1558601916.989710, 43
1558601917.009671, 42
1558601917.026116, 41
1558601917.046772, 42
1558601917.067550, 41
1558601917.086509, 42
1558601917.105021, 41
1558601917.124630, 42
1558601917.143777, 42
1558601917.162728, 43
1558601917.182168, 42
1558601917.197305, 43
1558601917.211898, 42
1558601917.226689, 43
1558601917.241715, 43
1558601917.256834, 42
1558601917.272140, 42
1558601917.287665, 42
1558601917.307669, 42
1558601917.328614, 44
1558601917.348578, 44
1558601917.367857, 43
1558601917.388572, 43
1558601917.409963, 43
1558601917.431193, 43
1558601917.450641, 43
1558601917.470842, 43
1558601917.490595, 44
1558601917.509692, 43
1558601917.529033, 43
1558601917.546904, 45
1558601917.566739, 43
1558601917.582472, 45
1558601917.597729, 44
1558601917.612655, 45
1558601917.628337, 45
1558601917.644631, 44
1558601917.659696, 45
1558601917.675438, 44
1558601917.691014, 44
1558601917.706250, 45
1558601917.725791, 45
1558601917.747798, 46
1558601917.767838, 44
1558601917.786045, 45
1558601917.806810, 45
1558601917.825948, 46
1558601917.844590, 46
1558601917.864285, 45
1558601917.883994, 45
1558601917.903752, 45
1558601917.923421, 44
1558601917.943110, 45
1558601917.962871, 46
1558601917.982513, 45
1558601918.004991, 46
1558601918.024907, 46
1558601918.044347, 45
1558601918.063964, 47
1558601918.084684, 46
1558601918.104921, 47
1558601918.119906, 47
1558601918.134209, 46
1558601918.149620, 46
1558601918.164729, 46
1558601918.179647, 47
1558601918.194939, 47
1558601918.209924, 46
1558601918.225204, 46
1558601918.241309, 47
1558601918.256090, 47
1558601918.275983, 47
1558601918.295169, 47
1558601918.314721, 47
1558601918.334847, 47
1558601918.354099, 48
1558601918.374674, 48
1558601918.395596, 47
1558601918.415496, 48
1558601918.437261, 47
1558601918.456760, 49
1558601918.477100, 48
1558601918.496917, 47
1558601918.517139, 48
1558601918.535996, 47
1558601918.554803, 49
1558601918.574248, 48
1558601918.595365, 48
1558601918.614886, 47
1558601918.633840, 48
1558601918.654641, 49
1558601918.670101, 49
1558601918.685594, 49
1558601918.700633, 48
1558601918.715451, 48
1558601918.730346, 49
1558601918.745719, 49
1558601918.761764, 49
1558601918.777198, 50
1558601918.792930, 49
1558601918.808341, 48
1558601918.823418, 49
1558601918.839357, 49
1558601918.854569, 48
1558601918.870273, 49
1558601918.885108, 48
1558601918.901343, 48
1558601918.917123, 48
1558601918.931958, 48
1558601918.947622, 49
1558601918.963059, 50
1558601918.982638, 50
1558601919.002097, 49
1558601919.022955, 49
1558601919.042173, 48
1558601919.061185, 49
1558601919.082348, 49
1558601919.101327, 48
1558601919.120269, 49
1558601919.141050, 49
1558601919.163485, 48
1558601919.178592, 49
1558601919.193574, 49
1558601919.207777, 48
1558601919.223050, 48
1558601919.238262, 48
1558601919.252688, 42
1558601919.267804, 39
1558601919.283016, 40
1558601919.297856, 41
1558601919.312103, 39
1558601919.326717, 32
1558601919.342158, 27
1558601919.356657, 22
1558601919.371259, 22
1558601919.386431, 23
1558601919.401632, 22
1558601919.417495, 22
1558601919.433119, 21
1558601919.447802, 23
1558601919.462840, 22
1558601919.478050, 23
1558601919.493087, 24
1558601919.508580, 23
1558601919.527881, 23
1558601919.543562, 22
1558601919.558782, 23
1558601919.573944, 25
1558601919.588790, 24
1558601919.604294, 24
1558601919.620114, 23
1558601919.635207, 23
1558601919.651779, 24
1558601919.666861, 24
1558601919.682854, 25
1558601919.698068, 26
1558601919.714619, 25
1558601919.729786, 24
1558601919.745980, 24
1558601919.764209, 24
1558601919.783787, 26
1558601919.804676, 25
1558601919.825051, 25
1558601919.845697, 25
1558601919.866137, 25
1558601919.887235, 25
1558601919.907971, 27
1558601919.928706, 26
1558601919.948829, 25
1558601919.969476, 26
1558601919.990012, 27
1558601920.010578, 26
1558601920.031615, 27
1558601920.047453, 26
1558601920.062540, 26
1558601920.077747, 27
1558601920.093142, 28
1558601920.108553, 28
1558601920.123160, 27
1558601920.138370, 29
1558601920.152808, 27
1558601920.167269, 27
1558601920.182843, 29
1558601920.197744, 28
1558601920.214129, 27
1558601920.229239, 29
1558601920.248833, 27
1558601920.268800, 28
1558601920.288830, 28
1558601920.309033, 29
1558601920.328682, 28
1558601920.343700, 29
1558601920.358367, 28
1558601920.373565, 28
1558601920.388761, 30
1558601920.404172, 29
1558601920.419524, 30
1558601920.434988, 30
1558601920.450616, 29
1558601920.465964, 29
1558601920.481812, 30
1558601920.497036, 29
1558601920.512229, 31
1558601920.527445, 30
1558601920.547755, 30
1558601920.567701, 29
1558601920.583138, 31
1558601920.598536, 30
1558601920.614102, 31
1558601920.630167, 32
1558601920.646721, 31
1558601920.661682, 31
1558601920.677149, 32
1558601920.693078, 33
1558601920.708220, 32
1558601920.723133, 33
1558601920.739121, 31
1558601920.754642, 30
1558601920.768987, 31
1558601920.783212, 33
1558601920.798331, 33
1558601920.813471, 32
1558601920.828835, 32
1558601920.844630, 32
1558601920.859843, 31
1558601920.875075, 32
1558601920.889684, 33
1558601920.905068, 32
1558601920.920068, 32
1558601920.935561, 32
1558601920.950515, 32
1558601920.965392, 33
1558601920.980242, 32
1558601920.994757, 32
1558601921.009654, 33
1558601921.024782, 34
1558601921.039895, 32
1558601921.059878, 33
1558601921.078799, 33
1558601921.098569, 34
1558601921.117995, 33
1558601921.133454, 33
1558601921.148636, 34
1558601921.164472, 34
1558601921.179164, 33
1558601921.193073, 34
1558601921.208251, 33
1558601921.223172, 34
1558601921.238231, 35
1558601921.253987, 34
1558601921.269838, 34
1558601921.284790, 35
1558601921.298861, 34
1558601921.313834, 35
1558601921.329641, 35
1558601921.344981, 36
1558601921.360279, 34
1558601921.375647, 35
1558601921.391890, 35
1558601921.406528, 35
1558601921.421253, 36
1558601921.441181, 36
1558601921.462690, 36
1558601921.479090, 36
1558601921.497550, 35
1558601921.513168, 36
1558601921.528366, 35
1558601921.548384, 36
1558601921.568310, 35
1558601921.588673, 36
1558601921.608619, 36
1558601921.628509, 36
1558601921.644242, 36
1558601921.662550, 37
1558601921.678402, 35
1558601921.693904, 36
1558601921.709649, 36
1558601921.725556, 37
1558601921.741709, 37
1558601921.757731, 37
1558601921.773128, 37
1558601921.787720, 37
1558601921.803125, 36
1558601921.818750, 37
1558601921.833887, 38
1558601921.849282, 37
1558601921.865104, 37
1558601921.880454, 36
1558601921.895492, 37
1558601921.910575, 36
1558601921.925245, 37
1558601921.940563, 38
1558601921.955079, 38
1558601921.970918, 39
1558601921.986258, 37
1558601922.001697, 38
1558601922.018246, 38
1558601922.033673, 39
1558601922.049217, 38
1558601922.064452, 38
1558601922.085681, 38
1558601922.103213, 38
1558601922.119088, 38
1558601922.135274, 38
1558601922.150443, 39
1558601922.169518, 39
1558601922.188874, 39
1558601922.210158, 39
1558601922.229792, 39
1558601922.244734, 39
1558601922.259535, 40
1558601922.275240, 39
1558601922.290783, 38
1558601922.307262, 40
1558601922.322561, 40
1558601922.337963, 39
1558601922.353359, 40
1558601922.368955, 41
1558601922.384310, 41
1558601922.399763, 40
1558601922.415855, 40
1558601922.430583, 40
1558601922.446038, 40
1558601922.461214, 41
1558601922.476839, 41
1558601922.491645, 40
1558601922.507777, 41
1558601922.522893, 41
1558601922.539000, 41
1558601922.553845, 40
1558601922.569414, 40
1558601922.584419, 41
1558601922.599066, 42
1558601922.614560, 41
1558601922.629494, 42
1558601922.644366, 41
1558601922.659070, 42
1558601922.674055, 42
1558601922.689860, 42
1558601922.705012, 41
1558601922.720612, 41
1558601922.735084, 41
1558601922.750757, 41
1558601922.765935, 42
1558601922.781877, 42
1558601922.797170, 42
1558601922.812486, 42
1558601922.827268, 42
1558601922.843607, 42
1558601922.858947, 42
1558601922.874120, 43
1558601922.889934, 42
1558601922.904983, 43
1558601922.919887, 43
1558601922.935365, 42
1558601922.950907, 42
1558601922.966356, 43
1558601922.982137, 42
1558601922.998085, 41
1558601923.013754, 43
1558601923.029458, 44
1558601923.044973, 43
1558601923.060386, 44
1558601923.076035, 44
1558601923.091451, 43
1558601923.106691, 43
1558601923.122171, 44
1558601923.137927, 44
1558601923.153500, 43
1558601923.169058, 43
1558601923.184892, 44
1558601923.200059, 44
1558601923.214758, 44
1558601923.230436, 43
1558601923.246410, 43
1558601923.261035, 44
1558601923.276888, 45
1558601923.292652, 45
1558601923.307728, 44
1558601923.322800, 44
1558601923.338229, 44
1558601923.353767, 45
1558601923.369280, 44
1558601923.385254, 44
1558601923.400648, 44
1558601923.415550, 45
1558601923.430259, 45
1558601923.446687, 46
1558601923.469351, 46
1558601923.489039, 45
1558601923.508849, 46
1558601923.528543, 46
1558601923.544321, 45
1558601923.559447, 45
1558601923.574465, 44
1558601923.589362, 45
1558601923.604391, 46
1558601923.619230, 46
1558601923.634526, 45
1558601923.650665, 46
1558601923.665517, 46
1558601923.681340, 46
1558601923.696497, 46
1558601923.711963, 46
1558601923.727959, 45
1558601923.743228, 47
1558601923.758817, 46
1558601923.774187, 47
1558601923.790078, 47
1558601923.805809, 47
1558601923.824983, 46
1558601923.844556, 46
1558601923.863813, 47
1558601923.882981, 46
1558601923.901939, 48
1558601923.922167, 47
1558601923.942560, 47
1558601923.962191, 48
1558601923.981911, 47
1558601924.004272, 48
1558601924.023242, 47
1558601924.044674, 47
1558601924.065296, 47
1558601924.087142, 47
1558601924.102036, 48
1558601924.116386, 49
1558601924.130924, 49
1558601924.145522, 48
1558601924.160794, 48
1558601924.175557, 47
1558601924.190929, 48
1558601924.206798, 47
1558601924.221867, 48
1558601924.237356, 48
1558601924.252862, 48
1558601924.268315, 48
1558601924.283417, 49
1558601924.299071, 48
1558601924.314034, 50
1558601924.329280, 48
1558601924.344847, 48
1558601924.359879, 47
1558601924.375411, 48
1558601924.390642, 48
1558601924.406770, 48
1558601924.422106, 48
1558601924.437413, 49
1558601924.452118, 50
1558601924.467329, 49
1558601924.482406, 49
1558601924.497271, 49
1558601924.512762, 49
1558601924.527542, 48
1558601924.542925, 49
1558601924.557820, 48
1558601924.573021, 48
1558601924.588874, 48
1558601924.603800, 49
1558601924.619234, 50
1558601924.634224, 50
1558601924.650121, 49
1558601924.665526, 49
1558601924.681111, 49
1558601924.695820, 49
1558601924.710563, 49
1558601924.725644, 49
1558601924.740938, 48
1558601924.756194, 47
1558601924.771756, 49
1558601924.786646, 49
1558601924.801847, 48
1558601924.816461, 49
1558601924.831843, 48
1558601924.847041, 49
1558601924.861856, 49
1558601924.877435, 48
1558601924.892780, 48
1558601924.907467, 48
1558601924.922625, 47
1558601924.937425, 41
1558601924.953267, 41
1558601924.967747, 38
1558601924.982415, 34
1558601924.996118, 29
1558601925.010458, 22
1558601925.025962, 23
1558601925.041180, 22
1558601925.056581, 23
1558601925.071940, 22
1558601925.088204, 21
1558601925.103653, 23
1558601925.118658, 23
1558601925.133371, 23
1558601925.149020, 23
1558601925.164315, 23
1558601925.179353, 24
1558601925.194846, 23
1558601925.210189, 23
1558601925.225983, 24
1558601925.241838, 24
1558601925.258006, 25
1558601925.273393, 25
1558601925.287894, 23
1558601925.303939, 23
1558601925.319413, 25
1558601925.334740, 25
1558601925.350106, 24
1558601925.366742, 24
1558601925.381284, 24
1558601925.395979, 24
1558601925.411391, 25
1558601925.426961, 26
1558601925.442357, 25
1558601925.457639, 25
1558601925.474832, 25
1558601925.492603, 25
1558601925.513641, 24
1558601925.533517, 27
1558601925.553465, 26
1558601925.573991, 27
1558601925.593810, 25
1558601925.613163, 26
1558601925.633866, 26
1558601925.653542, 28
1558601925.672025, 27
1558601925.692944, 27
1558601925.712900, 26
1558601925.733199, 28
1558601925.752844, 28
1558601925.772319, 28
1558601925.792229, 27
1558601925.811787, 28
1558601925.831171, 28
1558601925.849682, 29
1558601925.868943, 28
1558601925.888641, 28
1558601925.908559, 27
1558601925.927386, 29
1558601925.946786, 29
1558601925.965925, 30
1558601925.987912, 29
1558601926.005113, 29
1558601926.022536, 28
1558601926.037980, 30
1558601926.052722, 29
1558601926.069085, 30
1558601926.084580, 31
1558601926.100600, 29
1558601926.115581, 28
1558601926.131045, 30
1558601926.145779, 31
1558601926.161431, 30
1558601926.176564, 31
1558601926.190948, 31
1558601926.205000, 30
1558601926.219285, 29
1558601926.233610, 31
1558601926.248123, 31
1558601926.262982, 31
1558601926.277820, 31
1558601926.292587, 31
1558601926.307866, 31
1558601926.322609, 30
1558601926.337382, 31
1558601926.351764, 31
1558601926.366795, 31
1558601926.381157, 31
1558601926.395865, 32
1558601926.410826, 31
1558601926.425466, 32
1558601926.440268, 32
1558601926.454813, 31
1558601926.470253, 33
1558601926.485143, 32
1558601926.500030, 30
1558601926.515844, 32
1558601926.530857, 33
1558601926.545805, 33
1558601926.561295, 33
1558601926.575927, 32
1558601926.591559, 32
1558601926.607601, 32
1558601926.624052, 32
1558601926.638595, 32
1558601926.652816, 32
1558601926.668314, 32
1558601926.683109, 33
1558601926.698131, 34
1558601926.712490, 33
1558601926.732149, 34
1558601926.746887, 33
1558601926.761805, 33
1558601926.777657, 34
1558601926.793158, 34
1558601926.807456, 33
1558601926.822463, 32
1558601926.837012, 35
1558601926.852032, 35
1558601926.867073, 34
1558601926.882881, 34
1558601926.898469, 35
1558601926.914068, 33
1558601926.929316, 35
1558601926.944906, 35
1558601926.960012, 35
1558601926.974514, 34
1558601926.991419, 34
1558601927.006042, 35
1558601927.021336, 35
1558601927.035818, 35
1558601927.050866, 36
1558601927.066245, 35
1558601927.082225, 35
1558601927.097460, 36
1558601927.113116, 34
1558601927.128937, 35
1558601927.143992, 34
1558601927.159595, 35
1558601927.175555, 35
1558601927.191192, 36
1558601927.207189, 36
1558601927.226093, 37
1558601927.247016, 36
1558601927.267737, 35
1558601927.283398, 36
1558601927.298591, 36
1558601927.313573, 36
1558601927.328775, 37
1558601927.343732, 37
1558601927.359061, 37
1558601927.374469, 36
1558601927.389892, 38
1558601927.410991, 36
1558601927.430649, 37
1558601927.448921, 37
1558601927.463811, 37
1558601927.479720, 38
1558601927.495088, 38
1558601927.510015, 37
1558601927.525336, 36
1558601927.540673, 37
1558601927.556077, 37
1558601927.571112, 37
1558601927.586738, 38
1558601927.602153, 39
1558601927.617826, 38
1558601927.632719, 38
1558601927.648700, 39
1558601927.663696, 39
1558601927.679196, 38
1558601927.694514, 38
1558601927.709958, 39
1558601927.730545, 38
1558601927.751108, 39
1558601927.770902, 38
1558601927.786526, 38
1558601927.801268, 38
1558601927.816657, 40
1558601927.832285, 39
1558601927.847555, 39
1558601927.863441, 40
1558601927.878582, 39
1558601927.893472, 40
1558601927.908318, 39
1558601927.923493, 39
1558601927.939125, 40
1558601927.954118, 39
1558601927.974169, 39
1558601927.994929, 39
1558601928.013982, 38
1558601928.029530, 39
1558601928.045129, 40
1558601928.059827, 40
1558601928.074773, 41
1558601928.089428, 40
1558601928.104028, 41
1558601928.120240, 40
1558601928.135928, 41
1558601928.152284, 41
1558601928.167855, 40
1558601928.183414, 41
1558601928.199030, 41
1558601928.214458, 40
1558601928.229484, 39
1558601928.245555, 41
1558601928.260573, 42
1558601928.275825, 42
1558601928.291452, 41
1558601928.306908, 41
1558601928.321466, 41
1558601928.336076, 41
1558601928.351819, 41
1558601928.372994, 42
1558601928.393152, 42
1558601928.413171, 41
1558601928.428301, 42
1558601928.443857, 41
1558601928.458663, 43
1558601928.477789, 42
1558601928.493022, 42
1558601928.507847, 42
1558601928.523426, 42
1558601928.538033, 43
1558601928.553539, 42
1558601928.569554, 43
1558601928.589310, 42
1558601928.607560, 41
1558601928.622829, 42
1558601928.637495, 43
1558601928.653141, 41
1558601928.668398, 42
1558601928.687517, 44
1558601928.705323, 43
1558601928.720866, 43
1558601928.736036, 43
1558601928.751213, 44
1558601928.766764, 43
1558601928.781690, 43
1558601928.797459, 43
1558601928.812569, 43
1558601928.827931, 44
1558601928.843266, 44
1558601928.864372, 44
1558601928.883494, 44
1558601928.902719, 44
1558601928.918589, 43
1558601928.934180, 44
1558601928.950551, 45
1558601928.971008, 44
1558601928.986096, 43
1558601929.001625, 44
1558601929.016009, 44
1558601929.030791, 44
1558601929.046470, 45
1558601929.061842, 45
1558601929.077602, 44
1558601929.093025, 44
1558601929.108727, 45
1558601929.123526, 45
1558601929.138862, 45
1558601929.153676, 45
1558601929.169648, 46
1558601929.184657, 45
1558601929.199385, 45
1558601929.214404, 44
1558601929.229364, 45
1558601929.244643, 46
1558601929.260103, 45
1558601929.275422, 45
1558601929.291110, 45
1558601929.306251, 45
1558601929.321925, 46
1558601929.337056, 45
1558601929.353492, 46
1558601929.368942, 46
1558601929.384088, 45
1558601929.400074, 44
1558601929.415278, 46
1558601929.430591, 45
1558601929.445923, 48
1558601929.461809, 47
1558601929.477501, 46
1558601929.491970, 46
1558601929.506495, 46
1558601929.522056, 47
1558601929.537256, 47
1558601929.552459, 47
1558601929.568220, 46
1558601929.583664, 46
1558601929.598566, 47
1558601929.613260, 47
1558601929.629192, 47
1558601929.644847, 48
1558601929.660577, 47
1558601929.676119, 48
1558601929.691245, 48
1558601929.706501, 47
1558601929.721290, 48
1558601929.736824, 48
1558601929.751593, 48
1558601929.766714, 47
1558601929.782678, 47
1558601929.801976, 49
1558601929.817584, 48
1558601929.832276, 47
1558601929.847658, 49
1558601929.868018, 48
1558601929.887379, 48
1558601929.902682, 47
1558601929.917976, 48
1558601929.934047, 48
1558601929.954227, 48
1558601929.975527, 48
1558601929.994868, 49
1558601930.016627, 49
1558601930.034808, 49
1558601930.049848, 50
1558601930.065312, 49
1558601930.081236, 49
1558601930.096622, 49
1558601930.111513, 48
1558601930.126451, 50
1558601930.150208, 49
1558601930.170639, 49
1558601930.196402, 47
1558601930.210864, 49
1558601930.226122, 50
1558601930.241194, 50
1558601930.256233, 49
1558601930.272403, 48
1558601930.287780, 49
1558601930.302587, 49
1558601930.317257, 49
1558601930.332156, 49
1558601930.347938, 49
1558601930.362661, 48
1558601930.378523, 47
1558601930.393632, 48
1558601930.408421, 46
1558601930.423862, 48
1558601930.439484, 47
1558601930.454809, 48
1558601930.470059, 47
1558601930.485853, 47
1558601930.501607, 47
1558601930.517581, 39
1558601930.531976, 39
1558601930.547017, 37
1558601930.561928, 40
1558601930.576510, 40
1558601930.591788, 35
1558601930.606534, 27
1558601930.621136, 22
1558601930.636642, 22
1558601930.652138, 20
1558601930.666608, 23
1558601930.681333, 23
1558601930.696008, 22
1558601930.716346, 22
1558601930.731308, 22
1558601930.745912, 22
1558601930.761657, 22
1558601930.778200, 23
1558601930.794543, 23
1558601930.810679, 23
1558601930.828182, 23
1558601930.843948, 23
1558601930.861577, 24
1558601930.878986, 24
1558601930.894692, 24
1558601930.912320, 23
1558601930.929580, 24
1558601930.945730, 24
1558601930.961741, 24
1558601930.978138, 25
1558601930.994983, 25
1558601931.011952, 24
1558601931.029300, 24
1558601931.047118, 24
1558601931.062673, 25
1558601931.078989, 26
1558601931.095629, 25
1558601931.112122, 26
1558601931.128117, 25
1558601931.144720, 25
1558601931.161100, 27
1558601931.177933, 26
1558601931.194902, 25
1558601931.211413, 27
1558601931.227862, 25
1558601931.244555, 26
1558601931.260539, 26
1558601931.276544, 27
1558601931.293924, 27
1558601931.324406, 27
1558601931.353786, 26
1558601931.377924, 28
1558601931.397322, 27
1558601931.416037, 26
1558601931.433803, 27
1558601931.447677, 28
1558601931.464257, 28
1558601931.481219, 28
1558601931.498492, 27
1558601931.513504, 28
1558601931.530386, 27
1558601931.546899, 27
1558601931.562457, 28
1558601931.578351, 29
1558601931.598133, 28
1558601931.615949, 30
1558601931.633459, 28
1558601931.651118, 29
1558601931.665960, 29
1558601931.683065, 28
1558601931.698052, 30
1558601931.713759, 29
1558601931.729404, 28
1558601931.746086, 29
1558601931.763362, 29
1558601931.778605, 30
1558601931.796655, 30
1558601931.813490, 29
1558601931.831195, 30
1558601931.846744, 29
1558601931.862748, 30
1558601931.878555, 31
1558601931.898872, 29
1558601931.913941, 31
1558601931.935184, 30
1558601931.954437, 30
1558601931.970126, 32
1558601931.984591, 32
1558601932.000010, 31
1558601932.014609, 30
1558601932.031891, 29
1558601932.048950, 30
1558601932.065686, 31
1558601932.082535, 31
1558601932.098977, 31
1558601932.115291, 31
1558601932.132975, 30
1558601932.153672, 32
1558601932.169995, 32
1558601932.184940, 32
1558601932.199665, 32
1558601932.218618, 32
1558601932.233313, 32
1558601932.249780, 31
1558601932.267210, 32
1558601932.282495, 32
1558601932.299540, 33
1558601932.313778, 34
1558601932.331200, 33
1558601932.345983, 31
1558601932.362944, 32
1558601932.377499, 33
1558601932.394525, 33
1558601932.410653, 33
1558601932.427079, 33
1558601932.442041, 32
1558601932.456427, 32
1558601932.471380, 34
1558601932.485564, 34
1558601932.502711, 34
1558601932.518208, 33
1558601932.546203, 34
1558601932.564258, 34
1558601932.579884, 34
1558601932.596625, 35
1558601932.612874, 34
1558601932.627283, 34
1558601932.642132, 35
1558601932.656598, 33
1558601932.672145, 35
1558601932.686689, 35
1558601932.701296, 36
1558601932.715719, 35
1558601932.730987, 35
1558601932.746143, 32
1558601932.762446, 34
1558601932.776831, 35
1558601932.793681, 35
1558601932.813980, 35
1558601932.834050, 35
1558601932.850052, 33
1558601932.865919, 35
1558601932.881890, 36
1558601932.898086, 36
1558601932.915341, 37
1558601932.931709, 36
1558601932.947840, 34
1558601932.962913, 34
1558601932.977845, 36
1558601932.993131, 37
1558601933.008403, 36
1558601933.026068, 37
1558601933.041861, 37
1558601933.057958, 35
1558601933.076474, 36
1558601933.091503, 37
1558601933.108288, 37
1558601933.123969, 37
1558601933.140109, 37
1558601933.155559, 37
1558601933.171235, 37
1558601933.186520, 37
1558601933.200750, 38
1558601933.215504, 38
1558601933.229822, 38
1558601933.245988, 37
1558601933.262069, 37
1558601933.278630, 38
1558601933.294125, 39
1558601933.310235, 38
1558601933.326723, 38
1558601933.342842, 39
1558601933.358408, 37
1558601933.373821, 39
1558601933.389046, 38
1558601933.404338, 38
1558601933.420015, 38
1558601933.436176, 38
1558601933.452320, 39
1558601933.467663, 39
1558601933.483883, 39
1558601933.500806, 36
1558601933.516128, 39
1558601933.532105, 40
1558601933.548323, 39
1558601933.564077, 39
1558601933.581220, 39
1558601933.604551, 39
1558601933.626237, 40
1558601933.648773, 40
1558601933.665985, 40
1558601933.685103, 39
1558601933.703124, 39
1558601933.721491, 40
1558601933.738564, 41
1558601933.757027, 39
1558601933.775084, 39
1558601933.792292, 40
1558601933.808245, 41
1558601933.824035, 40
1558601933.840582, 41
1558601933.856385, 41
1558601933.872822, 40
1558601933.890202, 41
1558601933.907647, 41
1558601933.924693, 40
1558601933.942098, 42
1558601933.958080, 42
1558601933.974554, 41
1558601933.990879, 42
1558601934.015933, 42
1558601934.038497, 41
1558601934.059813, 41
1558601934.077580, 42
1558601934.093921, 41
1558601934.109822, 41
1558601934.124481, 42
1558601934.139620, 42
1558601934.154654, 41
1558601934.171532, 40
1558601934.185707, 43
1558601934.200983, 43
1558601934.216057, 42
1558601934.235954, 42
1558601934.251300, 43
1558601934.268362, 42
1558601934.284121, 43
1558601934.298909, 43
1558601934.315970, 43
1558601934.330255, 43
1558601934.345237, 42
1558601934.359556, 42
1558601934.374612, 42
1558601934.390022, 42
1558601934.405232, 43
1558601934.420048, 43
1558601934.435399, 43
1558601934.451665, 44
1558601934.467581, 43
1558601934.482767, 42
1558601934.498661, 44
1558601934.514671, 43
1558601934.529543, 44
1558601934.543735, 44
1558601934.560536, 43
1558601934.583203, 43
1558601934.598844, 44
1558601934.614912, 44
1558601934.629457, 44
1558601934.645321, 44
1558601934.660102, 44
1558601934.675012, 46
1558601934.691369, 45
1558601934.710935, 44
1558601934.726456, 44
1558601934.741801, 44
1558601934.756640, 44
1558601934.771237, 45
1558601934.785621, 45
1558601934.800300, 44
1558601934.816178, 45
1558601934.831840, 45
1558601934.847677, 44
1558601934.863251, 44
1558601934.878853, 46
1558601934.893587, 45
1558601934.908393, 46
1558601934.924079, 45
1558601934.938711, 46
1558601934.953822, 46
1558601934.968688, 46
1558601934.983892, 45
1558601934.999197, 45
1558601935.014138, 46
1558601935.030154, 46
1558601935.046084, 46
1558601935.065231, 45
1558601935.080193, 46
1558601935.095909, 46
1558601935.111798, 46
1558601935.127578, 46
1558601935.143402, 46
1558601935.158173, 46
1558601935.173953, 47
1558601935.189729, 46
1558601935.204861, 46
1558601935.220844, 46
1558601935.236298, 46
1558601935.251924, 47
1558601935.266777, 46
1558601935.282229, 48
1558601935.296350, 47
1558601935.310729, 48
1558601935.326878, 46
1558601935.341142, 46
1558601935.355212, 47
1558601935.370636, 47
1558601935.386051, 48
1558601935.402113, 47
1558601935.418139, 47
1558601935.434540, 48
1558601935.450258, 47
1558601935.465750, 47
1558601935.480420, 46
1558601935.495640, 47
1558601935.511713, 47
1558601935.526198, 48
1558601935.541815, 48
1558601935.560825, 47
1558601935.575875, 47
1558601935.591345, 49
1558601935.606627, 48
1558601935.622021, 47
1558601935.636244, 48
1558601935.650639, 49
1558601935.666752, 49
1558601935.682640, 49
1558601935.698118, 48
1558601935.716651, 49
1558601935.734740, 49
1558601935.749635, 49
1558601935.764972, 49
1558601935.779533, 49
1558601935.794795, 49
1558601935.810115, 48
1558601935.825885, 47
1558601935.840589, 47
1558601935.856144, 48
1558601935.871422, 48
1558601935.886724, 50
1558601935.901965, 49
1558601935.916220, 49
1558601935.931198, 49
1558601935.946762, 49
1558601935.962114, 48
1558601935.977964, 48
1558601935.994681, 49
1558601936.010427, 48
1558601936.025422, 48
1558601936.039270, 44
1558601936.055012, 38
1558601936.070805, 30
1558601936.086584, 25
1558601936.101740, 22
1558601936.116490, 21
1558601936.131387, 22
1558601936.146225, 22
1558601936.162180, 21
1558601936.178058, 20
1558601936.193903, 22
1558601936.209997, 22
1558601936.224859, 22
1558601936.240267, 22
1558601936.255515, 22
1558601936.270410, 23
1558601936.285413, 22
1558601936.301079, 24
1558601936.316403, 24
1558601936.331171, 23
1558601936.346384, 22
1558601936.361503, 22
1558601936.376287, 23
1558601936.391983, 25
1558601936.407773, 24
1558601936.423360, 24
1558601936.439025, 23
1558601936.461165, 24
1558601936.476891, 24
1558601936.491710, 25
1558601936.506709, 25
1558601936.520831, 24
1558601936.535157, 25
1558601936.550928, 25
1558601936.567613, 23
1558601936.588200, 25
1558601936.604555, 25
1558601936.619071, 26
1558601936.636418, 25
1558601936.654936, 23
1558601936.677888, 25
1558601936.692887, 27
1558601936.713811, 27
1558601936.739450, 26
1558601936.764398, 25
1558601936.782456, 26
1558601936.806570, 26
1558601936.831311, 25
1558601936.849399, 26
1558601936.874681, 26
1558601936.891505, 27
1558601936.908819, 27
1558601936.925570, 27
1558601936.941669, 28
1558601936.959351, 27
1558601936.977125, 26
1558601936.994394, 27
1558601937.020783, 27
1558601937.040497, 29
1558601937.057338, 27
1558601937.088622, 29
1558601937.107915, 30
1558601937.124093, 29
1558601937.140661, 28
1558601937.156000, 29
1558601937.171560, 29
1558601937.187274, 28
1558601937.203913, 30
1558601937.223902, 29
1558601937.238945, 29
1558601937.253136, 29
1558601937.270227, 30
1558601937.285784, 30
1558601937.300894, 30
1558601937.315428, 29
1558601937.329606, 30
1558601937.344240, 30
1558601937.358984, 31
1558601937.375096, 30
1558601937.390240, 29
1558601937.404405, 30
1558601937.426389, 30
1558601937.446617, 33
1558601937.461320, 31
1558601937.476281, 30
1558601937.491926, 30
1558601937.507460, 31
1558601937.523949, 32
1558601937.540134, 32
1558601937.555573, 31
1558601937.571882, 30
1558601937.586516, 30
1558601937.601982, 31
1558601937.617381, 32
1558601937.633172, 31
1558601937.649362, 31
1558601937.664527, 32
1558601937.680285, 31
1558601937.696989, 32
1558601937.712394, 31
1558601937.727437, 32
1558601937.746267, 33
1558601937.761724, 32
1558601937.777184, 30
1558601937.792590, 32
1558601937.808195, 33
1558601937.823659, 33
1558601937.838513, 33
1558601937.853525, 33
1558601937.868465, 34
1558601937.885954, 32
1558601937.900727, 33
1558601937.914559, 34
1558601937.929641, 34
1558601937.944425, 33
1558601937.959533, 32
1558601937.974428, 32
1558601937.992104, 34
1558601938.006565, 34
1558601938.020834, 34
1558601938.036438, 34
1558601938.051037, 34
1558601938.064636, 34
1558601938.081175, 33
1558601938.096011, 34
1558601938.110697, 34
1558601938.125525, 35
1558601938.141213, 35
1558601938.156536, 34
1558601938.171044, 35
1558601938.186532, 35
1558601938.202600, 36
1558601938.218591, 35
1558601938.241728, 36
1558601938.257594, 36
1558601938.273804, 35
1558601938.291204, 34
1558601938.308358, 36
1558601938.324536, 35
1558601938.340031, 34
1558601938.355882, 35
1558601938.370068, 37
1558601938.384065, 35
1558601938.399073, 36
1558601938.414816, 36
1558601938.430710, 36
1558601938.446954, 36
1558601938.462819, 36
1558601938.478011, 37
1558601938.493819, 35
1558601938.509250, 37
1558601938.525178, 37
1558601938.542914, 37
1558601938.558114, 36
1558601938.573360, 38
1558601938.588015, 36
1558601938.603422, 37
1558601938.618118, 36
1558601938.634244, 37
1558601938.650962, 37
1558601938.665878, 37
1558601938.680738, 36
1558601938.696794, 36
1558601938.711839, 37
1558601938.727157, 37
1558601938.746136, 38
1558601938.762823, 37
1558601938.779206, 38
1558601938.796861, 37
1558601938.812030, 39
1558601938.827945, 38
1558601938.843839, 39
1558601938.860549, 38
1558601938.876276, 38
1558601938.892546, 37
1558601938.909041, 39
1558601938.924533, 39
1558601938.939400, 38
1558601938.958815, 39
1558601938.974650, 39
1558601938.989633, 39
1558601939.003923, 40
1558601939.018570, 40
1558601939.034062, 39
1558601939.049740, 38
1558601939.065655, 40
1558601939.080913, 40
1558601939.095964, 39
1558601939.111002, 41
1558601939.126140, 40
1558601939.142378, 40
1558601939.158577, 40
1558601939.173502, 40
1558601939.189378, 41
1558601939.205177, 40
1558601939.220559, 40
1558601939.235758, 41
1558601939.251849, 41
1558601939.267122, 40
1558601939.282532, 41
1558601939.298579, 40
1558601939.316244, 40
1558601939.349778, 40
1558601939.368113, 40
1558601939.386488, 40
1558601939.403090, 39
1558601939.420044, 41
1558601939.435615, 42
1558601939.451020, 42
1558601939.466670, 41
1558601939.481873, 41
1558601939.497398, 41
1558601939.512496, 42
1558601939.528843, 41
1558601939.545973, 41
1558601939.567077, 42
1558601939.581170, 42
1558601939.596379, 41
1558601939.615747, 41
1558601939.635915, 42
1558601939.658899, 42
1558601939.677651, 41
1558601939.699943, 41
1558601939.716013, 43
1558601939.729914, 43
1558601939.746018, 43
1558601939.763612, 43
1558601939.781789, 42
1558601939.795921, 42
1558601939.810222, 43
1558601939.826168, 42
1558601939.841611, 43
1558601939.856912, 42
1558601939.872007, 42
1558601939.888260, 44
1558601939.903785, 44
1558601939.918968, 43
1558601939.934885, 44
1558601939.950461, 44
1558601939.964820, 43
1558601939.981045, 44
1558601940.007832, 43
1558601940.023872, 44
1558601940.043091, 43
1558601940.061967, 43
1558601940.080689, 44
1558601940.099966, 43
1558601940.117344, 45
1558601940.134791, 44
1558601940.150756, 45
1558601940.169797, 45
1558601940.186764, 44
1558601940.201704, 44
1558601940.218542, 45
1558601940.236256, 44
1558601940.253452, 45
1558601940.270713, 44
1558601940.286639, 44
1558601940.303025, 45
1558601940.319664, 45
1558601940.333826, 45
1558601940.350405, 46
1558601940.364186, 45
1558601940.380336, 45
1558601940.395649, 46
1558601940.411583, 45
1558601940.428663, 44
1558601940.445788, 45
1558601940.462202, 45
1558601940.478166, 46
1558601940.496176, 46
1558601940.511782, 47
1558601940.527486, 46
1558601940.543762, 46
1558601940.560430, 45
1558601940.578503, 46
1558601940.594565, 46
1558601940.611048, 47
1558601940.628740, 47
1558601940.645455, 46
1558601940.660561, 46
1558601940.675847, 47
1558601940.693370, 46
1558601940.709109, 47
1558601940.727176, 47
1558601940.742984, 47
1558601940.758752, 48
1558601940.773675, 48
1558601940.790626, 47
1558601940.806572, 46
1558601940.821980, 48
1558601940.836858, 46
1558601940.852482, 46
1558601940.866644, 47
1558601940.881272, 47
1558601940.903856, 47
1558601940.919027, 47
1558601940.934521, 48
1558601940.953857, 47
1558601940.968938, 47
1558601940.983703, 48
1558601940.999536, 47
1558601941.015403, 48
1558601941.030483, 48
1558601941.046983, 47
1558601941.062632, 48
1558601941.077987, 48
1558601941.092185, 48
1558601941.111957, 48
1558601941.131373, 49
1558601941.147091, 49
1558601941.162171, 48
1558601941.178406, 48
1558601941.194679, 49
1558601941.210575, 48
1558601941.228885, 48
1558601941.243515, 47
1558601941.263278, 48
1558601941.285851, 48
1558601941.305713, 48
1558601941.325037, 48
1558601941.342640, 47
1558601941.357501, 48
1558601941.372457, 48
1558601941.387063, 48
1558601941.401542, 48
1558601941.416351, 49
1558601941.431809, 49
1558601941.446076, 49
1558601941.461553, 47
1558601941.476880, 44
1558601941.492303, 37
1558601941.507075, 30
1558601941.521700, 24
1558601941.536765, 21
1558601941.551505, 22
1558601941.566647, 22
1558601941.582215, 21
1558601941.598431, 22
1558601941.612126, 21
1558601941.627285, 22
1558601941.643023, 23
1558601941.658932, 23
1558601941.678869, 21
1558601941.698637, 23
1558601941.713990, 22
1558601941.730195, 22
1558601941.745372, 23
1558601941.760273, 24
1558601941.775694, 23
1558601941.791179, 22
1558601941.806109, 24
1558601941.821465, 23
1558601941.836360, 24
1558601941.851481, 24
1558601941.866594, 23
1558601941.882050, 25
1558601941.897507, 23
1558601941.917359, 23
1558601941.935111, 25
1558601941.950506, 24
1558601941.969251, 25
1558601941.990829, 23
1558601942.006127, 25
1558601942.021462, 24
1558601942.037224, 25
1558601942.051612, 26
1558601942.067363, 26
1558601942.083280, 26
1558601942.098353, 26
1558601942.114410, 24
1558601942.131474, 27
1558601942.147117, 26
1558601942.162034, 26
1558601942.178037, 27
1558601942.194440, 26
1558601942.210533, 26
1558601942.225877, 26
1558601942.241645, 27
1558601942.257202, 27
1558601942.273267, 26
1558601942.294825, 27
1558601942.314101, 27
1558601942.333114, 27
1558601942.353041, 27
1558601942.373058, 28
1558601942.388767, 28
1558601942.405241, 27
1558601942.421020, 27
1558601942.436177, 28
1558601942.452056, 28
1558601942.466956, 29
1558601942.481975, 28
1558601942.498201, 28
1558601942.518416, 28
1558601942.538728, 29
1558601942.559390, 28
1558601942.579034, 30
1558601942.598735, 28
1558601942.619035, 29
1558601942.634713, 30
1558601942.650251, 29
1558601942.664654, 30
1558601942.680308, 30
1558601942.694523, 31
1558601942.710428, 30
1558601942.732130, 29
1558601942.753374, 30
1558601942.773716, 31
1558601942.793977, 30
1558601942.813811, 30
1558601942.829032, 29
1558601942.844531, 31
1558601942.859515, 31
1558601942.875008, 31
1558601942.889949, 31
1558601942.906541, 32
1558601942.921537, 30
1558601942.937276, 31
1558601942.952471, 32
1558601942.966641, 31
1558601942.981934, 31
1558601942.996572, 32
1558601943.011046, 30
1558601943.026822, 30
1558601943.041492, 32
1558601943.058348, 31
1558601943.073999, 32
1558601943.090025, 32
1558601943.105122, 31
1558601943.120870, 31
1558601943.136058, 32
1558601943.152103, 31
1558601943.166902, 33
1558601943.182015, 32
1558601943.201076, 31
1558601943.221207, 33
1558601943.243779, 33
1558601943.259111, 33
1558601943.274673, 32
1558601943.289922, 34
1558601943.306565, 33
1558601943.321376, 32
1558601943.336538, 34
1558601943.350793, 34
1558601943.366506, 32
1558601943.381457, 34
1558601943.397034, 34
1558601943.412603, 34
1558601943.427895, 33
1558601943.446694, 35
1558601943.461986, 34
1558601943.478015, 34
1558601943.494149, 35
1558601943.509735, 34
1558601943.525129, 33
1558601943.540383, 34
1558601943.555603, 35
1558601943.570150, 35
1558601943.586068, 34
1558601943.601891, 35
1558601943.617490, 35
1558601943.634096, 35
1558601943.650537, 34
1558601943.666829, 35
1558601943.682567, 35
1558601943.697752, 35
1558601943.713576, 35
1558601943.728521, 35
1558601943.743523, 35
1558601943.758584, 36
1558601943.774847, 35
1558601943.790252, 36
1558601943.805640, 36
1558601943.819806, 35
1558601943.834596, 36
1558601943.849008, 36
1558601943.864171, 37
1558601943.880628, 37
1558601943.896139, 36
1558601943.910982, 36
1558601943.926451, 36
1558601943.942484, 37
1558601943.958354, 35
1558601943.973877, 36
1558601943.989348, 38
1558601944.004750, 38
1558601944.020206, 37
1558601944.034941, 37
1558601944.049680, 38
1558601944.064991, 37
1558601944.079553, 38
1558601944.094846, 37
1558601944.110172, 37
1558601944.126662, 37
1558601944.142417, 37
1558601944.157486, 37
1558601944.171879, 37
1558601944.187269, 37
1558601944.202728, 39
1558601944.218255, 38
1558601944.234097, 37
1558601944.248900, 38
1558601944.264413, 38
1558601944.279576, 39
1558601944.294392, 38
1558601944.310890, 38
1558601944.331089, 37
1558601944.351170, 39
1558601944.370630, 38
1558601944.390676, 39
1558601944.410449, 39
1558601944.428096, 40
1558601944.443798, 39
1558601944.459582, 38
1558601944.474964, 40
1558601944.490436, 40
1558601944.505615, 39
1558601944.526033, 39
1558601944.545378, 40
1558601944.560618, 39
1558601944.576029, 39
1558601944.592113, 40
1558601944.607898, 41
1558601944.623586, 40
1558601944.639383, 39
1558601944.653995, 41
1558601944.668948, 40
1558601944.684843, 40
1558601944.700423, 40
1558601944.715662, 40
1558601944.731642, 41
1558601944.747539, 40
1558601944.763241, 40
1558601944.778059, 40
1558601944.794227, 41
1558601944.809032, 40
1558601944.824801, 40
1558601944.840740, 40
1558601944.856209, 41
1558601944.872186, 42
1558601944.887626, 41
1558601944.902780, 42
1558601944.917860, 42
1558601944.933186, 42
1558601944.949035, 42
1558601944.965108, 41
1558601944.980786, 41
1558601944.995667, 41
1558601945.010926, 41
1558601945.026191, 42
1558601945.041650, 40
1558601945.057306, 42
1558601945.072316, 42
1558601945.087631, 43
1558601945.102485, 42
1558601945.118200, 42
1558601945.141596, 41
1558601945.156880, 42
1558601945.173124, 43
1558601945.187741, 42
1558601945.203470, 42
1558601945.218862, 43
1558601945.234971, 42
1558601945.250308, 43
1558601945.267074, 42
1558601945.281749, 43
1558601945.296067, 44
1558601945.311707, 43
1558601945.327781, 43
1558601945.343717, 44
1558601945.359310, 44
1558601945.375540, 43
1558601945.391352, 44
1558601945.406701, 43
1558601945.421413, 44
1558601945.436485, 44
1558601945.452142, 43
1558601945.467586, 43
1558601945.483656, 43
1558601945.498682, 43
1558601945.514235, 45
1558601945.530000, 45
1558601945.549574, 44
1558601945.571739, 45
1558601945.592268, 44
1558601945.612110, 44
1558601945.632751, 45
1558601945.653582, 45
1558601945.668082, 44
1558601945.682741, 44
1558601945.697547, 44
1558601945.713432, 45
1558601945.728983, 45
1558601945.743940, 45
1558601945.758551, 45
1558601945.773636, 45
1558601945.788896, 45
1558601945.803636, 45
1558601945.818487, 44
1558601945.833821, 45
1558601945.849182, 46
1558601945.865377, 46
1558601945.881453, 46
1558601945.897191, 46
1558601945.912322, 45
1558601945.927482, 46
1558601945.944738, 45
1558601945.963959, 46
1558601945.978055, 46
1558601946.000562, 46
1558601946.018107, 46
1558601946.034276, 46
1558601946.050036, 46
1558601946.066667, 47
1558601946.083607, 46
1558601946.100617, 47
1558601946.117987, 45
1558601946.133614, 47
1558601946.147234, 47
1558601946.162623, 47
1558601946.180388, 46
1558601946.195557, 47
1558601946.210658, 47
1558601946.227212, 47
1558601946.241902, 46
1558601946.257394, 48
1558601946.272701, 47
1558601946.288011, 48
1558601946.302685, 47
1558601946.318870, 48
1558601946.334492, 47
1558601946.349943, 48
1558601946.365154, 47
1558601946.383552, 48
1558601946.398460, 47
1558601946.413811, 48
1558601946.431952, 48
1558601946.445902, 48
1558601946.461696, 50
1558601946.477102, 47
1558601946.494469, 47
1558601946.509519, 48
1558601946.525315, 48
1558601946.544239, 49
1558601946.561714, 49
1558601946.577233, 48
1558601946.596088, 48
1558601946.613162, 48
1558601946.628799, 49
1558601946.645782, 49
1558601946.661059, 50
1558601946.677482, 49
1558601946.691777, 50
1558601946.706550, 49
1558601946.720839, 49
1558601946.735018, 49
1558601946.751014, 48
1558601946.769365, 49
1558601946.784071, 48
1558601946.799494, 47
1558601946.814876, 49
1558601946.830132, 49
1558601946.846849, 47
1558601946.862664, 50
1558601946.878672, 50
1558601946.893659, 49
1558601946.909656, 49
1558601946.929060, 48
1558601946.944168, 48
1558601946.958978, 49
1558601946.974129, 49
1558601946.990604, 49
1558601947.005542, 49
1558601947.020877, 50
1558601947.036016, 50
1558601947.051409, 49
1558601947.066491, 49
1558601947.082111, 48
1558601947.097231, 49
1558601947.112601, 49
1558601947.127405, 48
1558601947.143753, 46
1558601947.159271, 39
1558601947.173910, 34
1558601947.188806, 29
1558601947.203179, 23
1558601947.217363, 22
1558601947.231552, 19
1558601947.245899, 13
1558601947.259912, 9
1558601947.273502, 8
1558601947.287795, 8
1558601947.301427, 7
1558601947.316530, 8
1558601947.330919, 8
1558601947.350512, 8
1558601947.364892, 8
1558601947.379214, 10
1558601947.393436, 9
1558601947.407783, 8
1558601947.422036, 10
1558601947.436226, 9
1558601947.450251, 9
1558601947.465490, 10
1558601947.479615, 12
1558601947.493773, 10
1558601947.509577, 10
1558601947.526666, 11
1558601947.540991, 12
1558601947.560363, 11
1558601947.578015, 12
1558601947.593563, 11
1558601947.612685, 12
1558601947.628843, 12
1558601947.645275, 13
1558601947.665487, 12
1558601947.681489, 14
1558601947.701857, 12
1558601947.721177, 13
1558601947.737666, 14
1558601947.754603, 13
1558601947.770500, 14
1558601947.785908, 14
1558601947.800727, 15
1558601947.816093, 14
1558601947.830729, 14
1558601947.846621, 14
1558601947.862272, 15
1558601947.876258, 16
1558601947.893078, 15
1558601947.908480, 14
1558601947.923901, 15
1558601947.938519, 15
1558601947.953864, 15
1558601947.974686, 15
1558601947.994639, 16
1558601948.010377, 13
1558601948.025996, 16
1558601948.045873, 16
1558601948.061312, 16
1558601948.076031, 18
1558601948.090747, 17
1558601948.105860, 17
1558601948.121920, 16
1558601948.138081, 18
1558601948.155808, 17
1558601948.170508, 17
1558601948.184913, 19
1558601948.203284, 18
1558601948.219309, 16
1558601948.239625, 18
1558601948.257900, 19
1558601948.272144, 19
1558601948.289104, 20
1558601948.304818, 20
1558601948.321188, 18
1558601948.337427, 18
1558601948.353905, 18
1558601948.367656, 19
1558601948.382429, 20
1558601948.397230, 21
1558601948.411796, 21
1558601948.426446, 20
1558601948.442112, 20
1558601948.460466, 19
1558601948.474872, 20
1558601948.491018, 21
1558601948.507309, 22
1558601948.522603, 21
1558601948.537864, 20
1558601948.553367, 20
1558601948.568384, 20
1558601948.583180, 21
1558601948.597894, 20
1558601948.616600, 23
1558601948.637815, 21
1558601948.660790, 21
1558601948.677495, 22
1558601948.694852, 23
1558601948.708659, 23
1558601948.723576, 23
1558601948.738192, 21
1558601948.752416, 22
1558601948.767681, 22
1558601948.785463, 23
1558601948.799658, 24
1558601948.814723, 23
1558601948.830632, 23
1558601948.846235, 22
1558601948.862548, 21
1558601948.878270, 24
1558601948.896729, 25
1558601948.912471, 25
1558601948.927464, 23
1558601948.946373, 24
1558601948.962464, 24
1558601948.977123, 25
1558601948.992602, 25
1558601949.006944, 24
1558601949.021792, 24
1558601949.037230, 23
1558601949.054844, 24
1558601949.069820, 25
1558601949.085861, 26
1558601949.101744, 26
1558601949.117595, 26
1558601949.133118, 27
1558601949.149082, 25
1558601949.165534, 25
1558601949.180105, 25
1558601949.196063, 26
1558601949.213263, 27
1558601949.232223, 26
1558601949.251939, 25
1558601949.271431, 26
1558601949.291932, 27
1558601949.310245, 27
1558601949.328439, 27
1558601949.349237, 27
1558601949.369046, 27
1558601949.389115, 28
1558601949.408791, 27
1558601949.429181, 28
1558601949.448759, 27
1558601949.467744, 27
1558601949.488084, 28
1558601949.507440, 28
1558601949.527752, 28
1558601949.546567, 27
1558601949.566040, 28
1558601949.587033, 28
1558601949.605890, 27
1558601949.621631, 29
1558601949.636950, 29
1558601949.651452, 27
1558601949.667515, 29
1558601949.682659, 30
1558601949.697525, 28
1558601949.713038, 29
1558601949.728858, 30
1558601949.744505, 30
1558601949.764446, 29
1558601949.779566, 30
1558601949.793651, 30
1558601949.809524, 29
1558601949.825179, 29
1558601949.840495, 30
1558601949.856202, 28
1558601949.871214, 29
1558601949.886538, 30
1558601949.902541, 30
1558601949.918817, 30
1558601949.933365, 30
1558601949.948885, 31
1558601949.964554, 30
1558601949.980880, 30
1558601949.995264, 31
1558601950.013926, 31
1558601950.029955, 31
1558601950.045188, 31
1558601950.060152, 31
1558601950.075437, 30
1558601950.091025, 31
1558601950.107240, 31
1558601950.121510, 32
1558601950.136892, 32
1558601950.151683, 32
1558601950.167863, 32
1558601950.182596, 31
1558601950.197321, 32
1558601950.213267, 33
1558601950.230346, 33
1558601950.244633, 33
1558601950.260351, 31
1558601950.276064, 33
1558601950.291509, 32
1558601950.307256, 31
1558601950.330523, 33
1558601950.348862, 32
1558601950.363898, 33
1558601950.380730, 35
1558601950.404008, 35
1558601950.422184, 34
1558601950.437832, 34
1558601950.452575, 33
1558601950.467449, 32
1558601950.481886, 33
1558601950.499102, 34
1558601950.516113, 34
1558601950.532054, 34
1558601950.547123, 34
1558601950.563082, 34
1558601950.579220, 34
1558601950.594563, 34
1558601950.613115, 35
1558601950.628501, 35
1558601950.645696, 34
1558601950.664487, 34
1558601950.681532, 34
1558601950.695839, 36
1558601950.715214, 35
1558601950.731276, 35
1558601950.748097, 36
1558601950.765621, 36
1558601950.779889, 35
1558601950.796660, 36
1558601950.814846, 34
1558601950.831101, 35
1558601950.847255, 36
1558601950.864807, 36
1558601950.880091, 34
1558601950.895698, 36
1558601950.911908, 36
1558601950.928888, 37
1558601950.945566, 36
1558601950.961364, 37
1558601950.978217, 36
1558601950.994056, 36
1558601951.009389, 36
1558601951.026524, 36
1558601951.042608, 36
1558601951.058167, 37
1558601951.074608, 36
1558601951.091301, 38
1558601951.106708, 38
1558601951.123368, 36
1558601951.137433, 38
1558601951.152448, 38
1558601951.168511, 36
1558601951.185794, 36
1558601951.201836, 37
1558601951.217980, 36
1558601951.232046, 36
1558601951.246532, 37
1558601951.262155, 39
1558601951.280330, 37
1558601951.296271, 38
1558601951.311807, 38
1558601951.329104, 38
1558601951.345406, 38
1558601951.362016, 39
1558601951.379023, 38
1558601951.395240, 39
1558601951.417592, 39
1558601951.434544, 38
1558601951.449345, 39
1558601951.463903, 38
1558601951.479134, 40
1558601951.495514, 38
1558601951.512348, 39
1558601951.528786, 39
1558601951.544748, 39
1558601951.562044, 39
1558601951.578587, 40
1558601951.596331, 38
1558601951.612578, 40
1558601951.628549, 39
1558601951.647820, 39
1558601951.662914, 38
1558601951.678716, 40
1558601951.695310, 41
1558601951.710718, 40
1558601951.727361, 41
1558601951.744219, 41
1558601951.760417, 40
1558601951.776961, 39
1558601951.792041, 40
1558601951.806146, 41
1558601951.820230, 40
1558601951.837992, 40
1558601951.856436, 41
1558601951.871605, 40
1558601951.886643, 41
1558601951.905290, 41
1558601951.919915, 41
1558601951.934802, 41
1558601951.948942, 41
1558601951.964487, 42
1558601951.979186, 42
1558601951.993713, 40
1558601952.010118, 42
1558601952.026725, 41
1558601952.042029, 41
1558601952.058719, 41
1558601952.075225, 41
1558601952.091215, 41
1558601952.110055, 42
1558601952.128676, 43
1558601952.143103, 42
1558601952.162050, 43
1558601952.179970, 43
1558601952.194815, 43
1558601952.211925, 41
1558601952.229510, 43
1558601952.247669, 43
1558601952.266858, 43
1558601952.285027, 43
1558601952.300517, 42
1558601952.317339, 43
1558601952.331924, 43
1558601952.348505, 43
1558601952.366633, 43
1558601952.382973, 44
1558601952.399017, 44
1558601952.415882, 43
1558601952.432070, 43
1558601952.449542, 43
1558601952.466571, 44
1558601952.482652, 44
1558601952.500041, 43
1558601952.516261, 44
1558601952.532680, 44
1558601952.548315, 43
1558601952.565440, 43
1558601952.584865, 43
1558601952.600131, 45
1558601952.616790, 44
1558601952.635029, 44
1558601952.651667, 44
1558601952.667224, 45
1558601952.683447, 45
1558601952.699616, 44
1558601952.716202, 43
1558601952.733507, 45
1558601952.750685, 46
1558601952.766157, 45
1558601952.782649, 44
1558601952.799211, 44
1558601952.815526, 44
1558601952.831066, 45
1558601952.846642, 45
1558601952.862518, 45
1558601952.877972, 45
1558601952.893294, 46
1558601952.908789, 45
1558601952.923964, 46
1558601952.948193, 45
1558601952.967829, 46
1558601952.986687, 46
1558601953.005956, 46
1558601953.025899, 45
1558601953.048446, 45
1558601953.066820, 46
1558601953.081532, 46
1558601953.099937, 47
1558601953.116539, 48
1558601953.132368, 46
1558601953.148013, 47
1558601953.164784, 46
1558601953.186167, 47
1558601953.209562, 46
1558601953.227759, 47
1558601953.245114, 47
1558601953.262979, 46
1558601953.279798, 47
1558601953.298142, 46
1558601953.314332, 46
1558601953.331366, 48
1558601953.347849, 47
1558601953.365236, 47
1558601953.378694, 47
1558601953.393704, 47
1558601953.408387, 47
1558601953.422983, 48
1558601953.438969, 47
1558601953.454497, 48
1558601953.470010, 48
1558601953.484874, 48
1558601953.503550, 49
1558601953.519459, 49
1558601953.535259, 47
1558601953.554336, 48
1558601953.569540, 48
1558601953.584688, 49
1558601953.603521, 49
1558601953.619224, 49
1558601953.635082, 48
1558601953.650860, 49
1558601953.666680, 49
1558601953.682044, 48
1558601953.697902, 48
1558601953.715879, 49
1558601953.732295, 48
1558601953.748416, 47
1558601953.768867, 48
1558601953.787387, 49
1558601953.805768, 48
1558601953.831966, 49
1558601953.847643, 49
1558601953.869581, 50
1558601953.884050, 49
1558601953.899092, 49
1558601953.914988, 50
1558601953.932553, 49
1558601953.949542, 48
1558601953.966402, 49
1558601953.983149, 49
1558601953.998348, 49
1558601954.014744, 49
1558601954.030632, 50
1558601954.047321, 50
1558601954.062831, 49
1558601954.077941, 50
1558601954.095321, 50
1558601954.111419, 49
1558601954.127273, 50
1558601954.154042, 47
1558601954.171827, 47
1558601954.187670, 42
1558601954.205038, 37
1558601954.219799, 29
1558601954.238396, 23
1558601954.255558, 22
1558601954.270588, 22
1558601954.286165, 20
1558601954.303848, 13
1558601954.318792, 9
1558601954.333165, 8
1558601954.348367, 8
1558601954.364774, 8
1558601954.379862, 9
1558601954.397074, 7
1558601954.415690, 8
1558601954.430671, 9
1558601954.445922, 10
1558601954.464822, 8
1558601954.482668, 9
1558601954.498186, 9
1558601954.516884, 10
1558601954.533137, 12
1558601954.548218, 11
1558601954.563989, 11
1558601954.580762, 11
1558601954.595688, 10
1558601954.610385, 11
1558601954.627419, 12
1558601954.652200, 12
1558601954.674696, 12
1558601954.692230, 13
1558601954.706927, 13
1558601954.721645, 12
1558601954.737205, 14
1558601954.753544, 13
1558601954.768566, 12
1558601954.785767, 12
1558601954.801408, 14
1558601954.818047, 14
1558601954.835826, 14
1558601954.850409, 15
1558601954.865805, 14
1558601954.882712, 14
1558601954.898954, 14
1558601954.913678, 14
1558601954.931106, 14
1558601954.949510, 15
1558601954.971073, 15
1558601954.990264, 15
1558601955.006271, 16
1558601955.022093, 15
1558601955.040321, 16
1558601955.059017, 16
1558601955.079969, 17
1558601955.099335, 16
1558601955.116094, 16
1558601955.132243, 16
1558601955.147761, 17
1558601955.162357, 18
1558601955.177665, 17
1558601955.195672, 18
1558601955.211858, 17
1558601955.228095, 17
1558601955.244107, 18
1558601955.258663, 18
1558601955.274227, 17
1558601955.297586, 18
1558601955.318658, 18
1558601955.334750, 18
1558601955.352726, 20
1558601955.367566, 18
1558601955.388009, 18
1558601955.414528, 19
1558601955.431043, 19
1558601955.446158, 20
1558601955.463959, 20
1558601955.479984, 20
1558601955.498585, 18
1558601955.513477, 18
1558601955.528666, 19
1558601955.545583, 22
1558601955.562650, 22
1558601955.579921, 21
1558601955.597585, 21
1558601955.618901, 21
1558601955.634819, 21
1558601955.650584, 23
1558601955.667214, 22
1558601955.682231, 22
1558601955.698966, 20
1558601955.718243, 22
1558601955.733336, 21
1558601955.751448, 23
1558601955.768883, 21
1558601955.784213, 22
1558601955.799105, 22
1558601955.816980, 22
1558601955.832011, 22
1558601955.848724, 24
1558601955.866538, 23
1558601955.882606, 23
1558601955.898271, 23
1558601955.916886, 23
1558601955.933403, 22
1558601955.948395, 24
1558601955.963865, 24
1558601955.981604, 25
1558601956.001076, 24
1558601956.018032, 24
1558601956.034864, 23
1558601956.050898, 24
1558601956.066655, 24
1558601956.085864, 25
1558601956.101523, 25
1558601956.118185, 24
1558601956.135870, 24
1558601956.151653, 26
1558601956.167911, 26
1558601956.188472, 26
1558601956.204238, 25
1558601956.235675, 25
1558601956.251977, 26
1558601956.267095, 26
1558601956.282632, 26
1558601956.299753, 26
1558601956.314994, 26
1558601956.334141, 27
1558601956.356332, 27
1558601956.375263, 28
1558601956.393945, 28
1558601956.415588, 27
1558601956.440546, 26
1558601956.463757, 28
1558601956.483354, 28
1558601956.503249, 28
1558601956.523522, 26
1558601956.544636, 27
1558601956.569223, 28
1558601956.584852, 29
1558601956.602639, 27
1558601956.627430, 26
1558601956.645468, 27
1558601956.663811, 29
1558601956.684028, 29
1558601956.702604, 28
1558601956.719185, 28
1558601956.734164, 28
1558601956.752546, 29
1558601956.768137, 29
1558601956.783003, 30
1558601956.799303, 29
1558601956.814734, 30
1558601956.831514, 30
1558601956.849505, 30
1558601956.865471, 29
1558601956.880317, 31
1558601956.896495, 30
1558601956.912130, 30
1558601956.933723, 29
1558601956.949327, 30
1558601956.965032, 30
1558601956.981987, 30
1558601957.001129, 32
1558601957.015429, 31
1558601957.031999, 29
1558601957.048362, 31
1558601957.066050, 31
1558601957.082457, 31
1558601957.099365, 31
1558601957.116638, 31
1558601957.134964, 30
1558601957.152775, 31
1558601957.167008, 32
1558601957.182391, 31
1558601957.200384, 32
1558601957.216665, 32
1558601957.231676, 31
1558601957.248250, 32
1558601957.265376, 33
1558601957.280159, 32
1558601957.295792, 33
1558601957.314166, 32
1558601957.337998, 32
1558601957.356401, 32
1558601957.370498, 34
1558601957.386352, 34
1558601957.402107, 33
1558601957.417776, 32
1558601957.432682, 33
1558601957.448996, 32
1558601957.463769, 34
1558601957.480844, 33
1558601957.496117, 33
1558601957.514405, 34
1558601957.531357, 34
1558601957.546706, 34
1558601957.562003, 34
1558601957.581575, 34
1558601957.596941, 34
1558601957.612934, 34
1558601957.631265, 33
1558601957.647682, 34
1558601957.663793, 33
1558601957.681282, 34
1558601957.696351, 35
1558601957.713148, 35
1558601957.732496, 34
1558601957.749898, 35
1558601957.766609, 35
1558601957.781895, 35
1558601957.797186, 36
1558601957.813976, 35
1558601957.831364, 35
1558601957.847467, 34
1558601957.863369, 35
1558601957.880820, 35
1558601957.897990, 35
1558601957.914886, 37
1558601957.931043, 37
1558601957.947733, 35
1558601957.963347, 37
1558601957.980859, 37
1558601957.996484, 36
1558601958.011666, 37
1558601958.027131, 37
1558601958.041628, 35
1558601958.059877, 37
1558601958.076962, 36
1558601958.090813, 38
1558601958.104724, 37
1558601958.119627, 38
1558601958.135365, 36
1558601958.153153, 37
1558601958.173378, 37
1558601958.189384, 37
1558601958.205240, 38
1558601958.222264, 38
1558601958.239296, 37
1558601958.258840, 37
1558601958.277314, 36
1558601958.294370, 38
1558601958.311410, 39
1558601958.327878, 37
1558601958.345261, 37
1558601958.364194, 39
1558601958.380249, 38
1558601958.398774, 39
1558601958.419004, 38
1558601958.434839, 38
1558601958.452198, 37
1558601958.472393, 38
1558601958.492233, 38
1558601958.509710, 39
1558601958.527310, 39
1558601958.546917, 39
1558601958.563764, 40
1558601958.579277, 40
1558601958.595213, 40
1558601958.611656, 41
1558601958.628489, 41
1558601958.647228, 39
1558601958.662946, 40
1558601958.680563, 40
1558601958.696381, 40
1558601958.711362, 39
1558601958.730640, 39
1558601958.745972, 40
1558601958.761154, 41
1558601958.780346, 40
1558601958.795741, 41
1558601958.813123, 40
1558601958.830975, 41
1558601958.846472, 41
1558601958.863293, 40
1558601958.879146, 41
1558601958.896489, 41
1558601958.913092, 40
1558601958.928465, 39
1558601958.947195, 41
1558601958.963068, 42
1558601958.978495, 41
1558601958.994335, 42
1558601959.009643, 41
1558601959.025949, 42
1558601959.043387, 40
1558601959.058577, 40
1558601959.073367, 42
1558601959.090704, 41
1558601959.108281, 42
1558601959.123448, 42
1558601959.138652, 40
1558601959.153741, 41
1558601959.168894, 41
1558601959.183947, 42
1558601959.202938, 42
1558601959.218158, 42
1558601959.233542, 42
1558601959.248696, 43
1558601959.263175, 41
1558601959.277739, 43
1558601959.294397, 42
1558601959.310906, 43
1558601959.325637, 43
1558601959.341541, 42
1558601959.361971, 41
1558601959.376511, 42
1558601959.392907, 42
1558601959.411635, 41
1558601959.429347, 41
1558601959.444736, 44
1558601959.462976, 43
1558601959.479755, 43
1558601959.494598, 44
1558601959.513111, 44
1558601959.529585, 44
1558601959.544639, 43
1558601959.562359, 44
1558601959.579352, 43
1558601959.595038, 44
1558601959.609944, 44
1558601959.626936, 43
1558601959.642602, 45
1558601959.662445, 45
1558601959.683341, 43
1558601959.702952, 44
1558601959.725960, 44
1558601959.742253, 45
1558601959.756441, 44
1558601959.772407, 44
1558601959.787951, 45
1558601959.802718, 46
1558601959.818643, 45
1558601959.834165, 45
1558601959.849767, 44
1558601959.864993, 46
1558601959.884370, 45
1558601959.905293, 45
1558601959.924859, 45
1558601959.944252, 45
1558601959.963797, 45
1558601959.982923, 46
1558601960.002772, 46
1558601960.022134, 46
1558601960.041484, 46
1558601960.061772, 46
1558601960.081214, 46
1558601960.099694, 46
1558601960.115662, 46
1558601960.130966, 45
1558601960.151990, 46
1558601960.171628, 47
1558601960.190764, 45
1558601960.206654, 47
1558601960.222577, 47
1558601960.237771, 46
1558601960.252870, 47
1558601960.267563, 46
1558601960.283632, 46
1558601960.299244, 47
1558601960.314627, 47
1558601960.329811, 46
1558601960.345016, 47
1558601960.360478, 47
1558601960.375705, 48
1558601960.392471, 47
1558601960.406899, 47
1558601960.421727, 47
1558601960.437208, 48
1558601960.452785, 47
1558601960.467729, 47
1558601960.483907, 47
1558601960.499013, 48
1558601960.514653, 48
1558601960.530264, 48
1558601960.545224, 47
1558601960.560759, 48
1558601960.575553, 49
1558601960.590082, 47
1558601960.605461, 47
1558601960.621079, 48
1558601960.636262, 49
1558601960.651395, 48
1558601960.667213, 48
1558601960.681890, 49
1558601960.697196, 48
1558601960.712211, 48
1558601960.727120, 48
1558601960.743348, 49
1558601960.759034, 48
1558601960.774403, 50
1558601960.790497, 48
1558601960.805957, 47
1558601960.821171, 47
1558601960.837005, 48
1558601960.857142, 47
1558601960.877898, 49
1558601960.897050, 47
1558601960.916996, 48
1558601960.936111, 48
1558601960.951238, 48
1558601960.966538, 49
1558601960.985589, 49
1558601961.005959, 47
1558601961.026841, 41
1558601961.046403, 33
1558601961.065854, 23
1558601961.086621, 22
1558601961.101189, 23
1558601961.116887, 22
1558601961.131980, 22
1558601961.147626, 22
1558601961.162239, 21
1558601961.177629, 23
1558601961.193037, 22
1558601961.208342, 23
1558601961.223619, 22
1558601961.238344, 22
1558601961.253435, 22
1558601961.267826, 22
1558601961.283602, 22
1558601961.298909, 24
1558601961.314200, 23
1558601961.329778, 23
1558601961.346823, 23
1558601961.363243, 22
1558601961.378600, 24
1558601961.394014, 24
1558601961.409527, 24
1558601961.424301, 23
1558601961.446382, 23
1558601961.461640, 23
1558601961.477252, 25
1558601961.492460, 25
1558601961.508015, 24
1558601961.523408, 25
1558601961.538681, 25
1558601961.554484, 24
1558601961.569259, 25
1558601961.584856, 25
1558601961.600119, 26
1558601961.615220, 25
1558601961.631020, 25
1558601961.649136, 24
1558601961.664483, 24
1558601961.679806, 27
1558601961.695302, 26
1558601961.714237, 26
1558601961.734129, 25
1558601961.756798, 26
1558601961.771169, 25
1558601961.786682, 26
1558601961.802064, 26
1558601961.817588, 27
1558601961.833433, 27
1558601961.848431, 26
1558601961.863961, 27
1558601961.879211, 27
1558601961.894659, 27
1558601961.910651, 29
1558601961.926736, 28
1558601961.941997, 28
1558601961.957150, 26
1558601961.972864, 27
1558601961.987731, 28
1558601962.002502, 28
1558601962.017968, 28
1558601962.034208, 28
1558601962.049239, 27
1558601962.064207, 27
1558601962.078734, 28
1558601962.093774, 29
1558601962.109781, 29
1558601962.124945, 28
1558601962.140070, 29
1558601962.155497, 28
1558601962.170764, 28
1558601962.186393, 29
1558601962.202740, 29
1558601962.217668, 29
1558601962.232848, 31
1558601962.248787, 31
1558601962.263241, 29
1558601962.278784, 29
1558601962.293598, 30
1558601962.309337, 29
1558601962.324753, 30
1558601962.339616, 31
1558601962.355995, 29
1558601962.371319, 29
1558601962.386813, 31
1558601962.401984, 32
1558601962.416890, 31
1558601962.431578, 31
1558601962.446707, 31
1558601962.462343, 31
1558601962.478132, 29
1558601962.492988, 32
1558601962.509383, 31
1558601962.525341, 31
1558601962.544652, 32
1558601962.559432, 31
1558601962.574060, 31
1558601962.589382, 32
1558601962.608762, 32
1558601962.628589, 32
1558601962.648258, 32
1558601962.666061, 32
1558601962.681713, 32
1558601962.695370, 32
1558601962.710887, 32
1558601962.725963, 32
1558601962.741758, 32
1558601962.757425, 33
1558601962.772488, 32
1558601962.787873, 33
1558601962.802419, 33
1558601962.816589, 33
1558601962.831060, 33
1558601962.845691, 34
1558601962.861077, 33
1558601962.876596, 33
1558601962.893730, 33
1558601962.909293, 33
1558601962.924956, 33
1558601962.940310, 34
1558601962.955624, 34
1558601962.971230, 32
1558601962.991751, 35
1558601963.006639, 35
1558601963.022599, 34
1558601963.038432, 35
1558601963.054244, 35
1558601963.069720, 33
1558601963.085061, 35
1558601963.099837, 34
1558601963.115144, 34
1558601963.129871, 35
1558601963.148010, 34
1558601963.164955, 35
1558601963.179924, 34
1558601963.193652, 35
1558601963.209289, 35
1558601963.224278, 36
1558601963.239243, 35
1558601963.254593, 36
1558601963.269438, 35
1558601963.284175, 36
1558601963.298597, 35
1558601963.313577, 36
1558601963.328618, 37
1558601963.343404, 36
1558601963.358710, 35
1558601963.374246, 35
1558601963.389671, 36
1558601963.404868, 36
1558601963.420409, 35
1558601963.435507, 37
1558601963.450517, 36
1558601963.466592, 35
1558601963.483256, 37
1558601963.503169, 36
1558601963.522748, 36
1558601963.542065, 37
1558601963.560976, 37
1558601963.575975, 36
1558601963.591631, 38
1558601963.606700, 38
1558601963.621853, 36
1558601963.637472, 36
1558601963.653126, 38
1558601963.668416, 38
1558601963.683632, 36
1558601963.699690, 37
1558601963.714692, 37
1558601963.729662, 38
1558601963.744813, 38
1558601963.759951, 38
1558601963.774589, 38
1558601963.788942, 38
1558601963.804314, 38
1558601963.822486, 38
1558601963.837978, 38
1558601963.854646, 38
1558601963.870035, 39
1558601963.886199, 38
1558601963.902172, 38
1558601963.917453, 38
1558601963.932840, 38
1558601963.948301, 39
1558601963.963816, 39
1558601963.983580, 38
1558601964.002192, 39
1558601964.021357, 39
1558601964.036634, 40
1558601964.052155, 38
1558601964.067146, 40
1558601964.086479, 39
1558601964.106753, 39
1558601964.125726, 40
1558601964.145622, 39
1558601964.160550, 40
1558601964.175449, 39
1558601964.191024, 41
1558601964.206581, 40
1558601964.222417, 40
1558601964.238125, 40
1558601964.253598, 41
1558601964.269187, 40
1558601964.284304, 41
1558601964.299884, 40
1558601964.314953, 41
1558601964.329975, 40
1558601964.345146, 41
1558601964.360649, 42
1558601964.376013, 41
1558601964.391367, 39
1558601964.406525, 42
1558601964.422716, 41
1558601964.438248, 41
1558601964.453871, 41
1558601964.469062, 41
1558601964.485108, 42
1558601964.500451, 42
1558601964.515244, 42
1558601964.531261, 42
1558601964.546910, 41
1558601964.562539, 41
1558601964.577792, 42
1558601964.593564, 43
1558601964.608959, 42
1558601964.623865, 42
1558601964.639311, 42
1558601964.655019, 42
1558601964.670256, 43
1558601964.685587, 42
1558601964.702798, 42
1558601964.724004, 43
1558601964.743302, 43
1558601964.762900, 42
1558601964.779089, 42
1558601964.795023, 42
1558601964.809396, 42
1558601964.825302, 43
1558601964.840621, 44
1558601964.855948, 43
1558601964.870989, 42
1558601964.886189, 44
1558601964.901655, 43
1558601964.917066, 43
1558601964.932742, 43
1558601964.947712, 44
1558601964.962446, 44
1558601964.978044, 44
1558601964.993185, 43
1558601965.008849, 44
1558601965.023078, 43
1558601965.038447, 44
1558601965.055120, 43
1558601965.070644, 45
1558601965.086715, 44
1558601965.102610, 43
1558601965.117985, 44
1558601965.133599, 44
1558601965.149576, 44
1558601965.164979, 44
1558601965.180282, 45
1558601965.195615, 44
1558601965.211935, 45
1558601965.227723, 44
1558601965.242848, 45
1558601965.258618, 45
1558601965.275504, 44
1558601965.291447, 4