1558602771.079822, 0
1558602771.095603, 1
1558602771.112929, 0
1558602771.129524, 6
1558602771.146059, 4
1558602771.164819, 4
1558602771.180226, 8
1558602771.195197, 16
1558602771.210606, 18
1558602771.227001, 20
1558602771.241337, 22
1558602771.256545, 26
1558602771.272194, 32
1558602771.286914, 35
1558602771.302789, 40
1558602771.318346, 46
1558602771.333594, 48
1558602771.348607, 54
1558602771.363024, 58
1558602771.378237, 63
1558602771.396357, 68
1558602771.410885, 73
1558602771.428447, 76
1558602771.445922, 80
1558602771.463322, 84
1558602771.478170, 90
1558602771.494096, 95
1558602771.509657, 98
1558602771.525871, 105
1558602771.545340, 109
1558602771.561187, 115
1558602771.577608, 119
1558602771.592832, 122
1558602771.608196, 127
1558602771.624125, 133
1558602771.638731, 136
1558602771.654479, 139
1558602771.669999, 146
1558602771.686537, 149
1558602771.703065, 150
1558602771.719486, 149
1558602771.735323, 150
1558602771.750964, 149
1558602771.766602, 149
1558602771.782995, 150
1558602771.798683, 150
1558602771.815391, 149
1558602771.831583, 150
1558602771.847231, 150
1558602771.863057, 149
1558602771.877745, 150
1558602771.892915, 150
1558602771.908783, 150
1558602771.923957, 149
1558602771.939162, 149
1558602771.954354, 149
1558602771.970180, 150
1558602771.985263, 149
1558602772.000562, 150
1558602772.014657, 149
1558602772.030371, 149
1558602772.045100, 150
1558602772.061329, 150
1558602772.076605, 149
1558602772.092266, 149
1558602772.107201, 150
1558602772.122613, 150
1558602772.137566, 150
1558602772.152230, 150
1558602772.167449, 149
1558602772.182521, 149
1558602772.197528, 149
1558602772.213065, 150
1558602772.228475, 150
1558602772.243419, 149
1558602772.258180, 149
1558602772.274158, 150
1558602772.289855, 150
1558602772.305062, 149
1558602772.320096, 149
1558602772.335580, 149
1558602772.350183, 149
1558602772.365084, 150
1558602772.382447, 149
1558602772.397778, 150
1558602772.413465, 150
1558602772.432338, 150
1558602772.449431, 149
1558602772.465141, 150
1558602772.479968, 150
1558602772.493916, 150
1558602772.509618, 149
1558602772.524948, 149
1558602772.539346, 149
1558602772.554962, 150
1558602772.570832, 150
1558602772.585755, 149
1558602772.601043, 149
1558602772.615612, 149
1558602772.631120, 149
1558602772.648403, 149
1558602772.663244, 149
1558602772.678648, 150
1558602772.693974, 149
1558602772.709814, 149
1558602772.725349, 150
1558602772.741609, 150
1558602772.756038, 150
1558602772.770708, 149
1558602772.786481, 148
1558602772.804038, 149
1558602772.818677, 149
1558602772.833919, 150
1558602772.849728, 149
1558602772.864884, 148
1558602772.880403, 148
1558602772.895478, 149
1558602772.909418, 150
1558602772.924271, 149
1558602772.939073, 149
1558602772.954990, 150
1558602772.970248, 149
1558602772.985265, 150
1558602773.000228, 150
1558602773.016135, 149
1558602773.031643, 150
1558602773.047702, 150
1558602773.063562, 150
1558602773.078266, 149
1558602773.093567, 150
1558602773.109432, 149
1558602773.124666, 146
1558602773.140170, 150
1558602773.157417, 149
1558602773.173195, 149
1558602773.187827, 150
1558602773.202749, 149
1558602773.217364, 148
1558602773.233604, 148
1558602773.248620, 149
1558602773.263560, 149
1558602773.278570, 148
1558602773.293273, 147
1558602773.309183, 147
1558602773.323961, 148
1558602773.339615, 150
1558602773.354881, 149
1558602773.370402, 148
1558602773.384729, 144
1558602773.399519, 144
1558602773.414359, 145
1558602773.428828, 147
1558602773.443463, 149
1558602773.458431, 146
1558602773.473411, 145
1558602773.488398, 147
1558602773.503146, 145
1558602773.517452, 143
1558602773.532315, 145
1558602773.547542, 144
1558602773.562634, 148
1558602773.577515, 149
1558602773.592033, 147
1558602773.607283, 145
1558602773.622148, 145
1558602773.637131, 148
1558602773.651773, 148
1558602773.666509, 148
1558602773.683178, 146
1558602773.698535, 148
1558602773.714136, 149
1558602773.728811, 147
1558602773.744445, 146
1558602773.759421, 145
1558602773.774468, 146
1558602773.789009, 149
1558602773.804342, 150
1558602773.819373, 148
1558602773.834144, 149
1558602773.849881, 146
1558602773.864970, 147
1558602773.879423, 148
1558602773.895321, 148
1558602773.910467, 146
1558602773.925959, 145
1558602773.941309, 147
1558602773.957724, 148
1558602773.972969, 145
1558602773.988963, 145
1558602774.003621, 144
1558602774.019292, 146
1558602774.034508, 149
1558602774.049563, 148
1558602774.065002, 150
1558602774.079829, 149
1558602774.095431, 147
1558602774.111057, 150
1558602774.125614, 149
1558602774.140712, 149
1558602774.154978, 145
1558602774.170356, 146
1558602774.184961, 148
1558602774.199898, 148
1558602774.214714, 146
1558602774.230105, 145
1558602774.244852, 146
1558602774.259340, 148
1558602774.275202, 149
1558602774.289958, 148
1558602774.304974, 150
1558602774.320343, 148
1558602774.335927, 149
1558602774.352071, 148
1558602774.367355, 144
1558602774.381781, 140
1558602774.398139, 134
1558602774.413355, 130
1558602774.430004, 128
1558602774.446553, 122
1558602774.466629, 114
1558602774.481283, 109
1558602774.495449, 105
1558602774.510359, 102
1558602774.526756, 98
1558602774.541514, 95
1558602774.559113, 95
1558602774.575457, 92
1558602774.590405, 93
1558602774.606498, 93
1558602774.622509, 92
1558602774.639187, 92
1558602774.655766, 94
1558602774.672470, 95
1558602774.688868, 96
1558602774.705173, 93
1558602774.720402, 88
1558602774.736201, 82
1558602774.750360, 77
1558602774.765720, 71
1558602774.779785, 64
1558602774.793952, 58
1558602774.808738, 55
1558602774.825480, 53
1558602774.840346, 47
1558602774.855444, 41
1558602774.871465, 34
1558602774.886636, 28
1558602774.902344, 24
1558602774.917583, 24
1558602774.931818, 25
1558602774.949803, 26
1558602774.985148, 23
1558602775.014716, 25
1558602775.029058, 24
1558602775.045060, 24
1558602775.061331, 24
1558602775.076666, 24
1558602775.092284, 24
1558602775.107804, 23
1558602775.123278, 23
1558602775.139392, 22
1558602775.154838, 25
1558602775.170633, 25
1558602775.185914, 25
1558602775.203002, 25
1558602775.219623, 24
1558602775.235985, 23
1558602775.250931, 24
1558602775.266222, 25
1558602775.281256, 26
1558602775.296294, 26
1558602775.315189, 24
1558602775.329317, 23
1558602775.345101, 25
1558602775.360261, 25
1558602775.376576, 27
1558602775.391823, 27
1558602775.407550, 26
1558602775.422448, 25
1558602775.437778, 26
1558602775.454943, 27
1558602775.470766, 27
1558602775.488354, 27
1558602775.510952, 26
1558602775.526887, 27
1558602775.542775, 26
1558602775.558216, 28
1558602775.573293, 28
1558602775.588498, 27
1558602775.603838, 27
1558602775.619499, 29
1558602775.634694, 27
1558602775.650528, 28
1558602775.666698, 29
1558602775.681479, 28
1558602775.696347, 28
1558602775.711774, 28
1558602775.726957, 28
1558602775.742250, 27
1558602775.757168, 27
1558602775.771953, 29
1558602775.787215, 29
1558602775.802627, 30
1558602775.820272, 30
1558602775.835830, 28
1558602775.851635, 28
1558602775.866477, 29
1558602775.880974, 30
1558602775.896161, 29
1558602775.911315, 29
1558602775.926724, 28
1558602775.945350, 29
1558602775.960269, 30
1558602775.976108, 30
1558602775.992152, 31
1558602776.010127, 30
1558602776.027706, 31
1558602776.043821, 30
1558602776.059590, 30
1558602776.075563, 31
1558602776.090565, 31
1558602776.105165, 32
1558602776.120121, 31
1558602776.136053, 29
1558602776.152174, 30
1558602776.171114, 31
1558602776.189147, 31
1558602776.204003, 32
1558602776.220168, 32
1558602776.235427, 31
1558602776.250789, 31
1558602776.265557, 32
1558602776.280448, 32
1558602776.295776, 31
1558602776.311076, 33
1558602776.326470, 32
1558602776.342133, 30
1558602776.357290, 31
1558602776.372849, 33
1558602776.388864, 32
1558602776.404741, 33
1558602776.421031, 32
1558602776.435888, 32
1558602776.457488, 31
1558602776.476260, 34
1558602776.491925, 35
1558602776.508042, 33
1558602776.524992, 35
1558602776.546230, 32
1558602776.564848, 33
1558602776.581534, 33
1558602776.604120, 33
1558602776.619976, 34
1558602776.634507, 34
1558602776.649904, 33
1558602776.665227, 34
1558602776.680803, 35
1558602776.696347, 35
1558602776.712878, 34
1558602776.729070, 35
1558602776.744614, 34
1558602776.761061, 33
1558602776.775337, 35
1558602776.789759, 34
1558602776.805540, 34
1558602776.819861, 34
1558602776.835385, 35
1558602776.850829, 35
1558602776.865693, 36
1558602776.880619, 35
1558602776.895681, 36
1558602776.910455, 36
1558602776.925172, 36
1558602776.939878, 35
1558602776.954459, 35
1558602776.968825, 35
1558602776.983200, 35
1558602776.997280, 35
1558602777.011528, 35
1558602777.025253, 35
1558602777.039867, 36
1558602777.054664, 35
1558602777.069026, 36
1558602777.083354, 37
1558602777.098086, 36
1558602777.113000, 35
1558602777.127344, 37
1558602777.142086, 36
1558602777.157484, 35
1558602777.171835, 36
1558602777.186621, 37
1558602777.202693, 37
1558602777.217804, 36
1558602777.233437, 38
1558602777.247903, 36
1558602777.262856, 36
1558602777.277413, 37
1558602777.292183, 38
1558602777.309377, 37
1558602777.324842, 37
1558602777.341978, 37
1558602777.358513, 36
1558602777.373983, 37
1558602777.390562, 38
1558602777.405836, 37
1558602777.420317, 37
1558602777.435914, 38
1558602777.451288, 39
1558602777.467377, 39
1558602777.482675, 38
1558602777.498737, 39
1558602777.515410, 39
1558602777.532024, 38
1558602777.547933, 38
1558602777.563615, 37
1558602777.579204, 39
1558602777.594451, 38
1558602777.609534, 38
1558602777.625107, 38
1558602777.640075, 37
1558602777.655917, 40
1558602777.671696, 40
1558602777.686735, 39
1558602777.702228, 39
1558602777.717085, 39
1558602777.732834, 40
1558602777.747560, 39
1558602777.762641, 39
1558602777.777840, 39
1558602777.794243, 39
1558602777.810073, 39
1558602777.824892, 40
1558602777.839585, 40
1558602777.854938, 39
1558602777.870371, 40
1558602777.886137, 41
1558602777.902450, 40
1558602777.917848, 39
1558602777.933154, 40
1558602777.947755, 40
1558602777.962641, 41
1558602777.978221, 40
1558602777.993454, 40
1558602778.009371, 41
1558602778.025706, 40
1558602778.041897, 40
1558602778.057820, 41
1558602778.074504, 41
1558602778.094843, 42
1558602778.114885, 42
1558602778.134014, 41
1558602778.153268, 41
1558602778.174669, 41
1558602778.194772, 42
1558602778.215568, 42
1558602778.236189, 41
1558602778.252234, 42
1558602778.277051, 41
1558602778.292518, 41
1558602778.308174, 42
1558602778.326117, 43
1558602778.340497, 42
1558602778.355722, 43
1558602778.370465, 41
1558602778.385528, 42
1558602778.400681, 42
1558602778.417221, 42
1558602778.433828, 42
1558602778.450186, 43
1558602778.465742, 42
1558602778.480798, 43
1558602778.496326, 43
1558602778.512549, 43
1558602778.528440, 43
1558602778.543759, 43
1558602778.559160, 43
1558602778.574870, 43
1558602778.591912, 44
1558602778.607857, 43
1558602778.624123, 43
1558602778.641193, 42
1558602778.656770, 44
1558602778.674492, 44
1558602778.691258, 44
1558602778.706666, 44
1558602778.723667, 44
1558602778.740261, 44
1558602778.755917, 43
1558602778.770395, 44
1558602778.784704, 44
1558602778.800283, 44
1558602778.814895, 44
1558602778.829488, 45
1558602778.845629, 45
1558602778.861313, 45
1558602778.881556, 44
1558602778.901169, 45
1558602778.921049, 44
1558602778.936353, 44
1558602778.951935, 44
1558602778.967734, 44
1558602778.982910, 45
1558602778.997473, 44
1558602779.018089, 45
1558602779.036887, 45
1558602779.055271, 46
1558602779.070112, 45
1558602779.086527, 46
1558602779.101824, 46
1558602779.117528, 45
1558602779.133327, 46
1558602779.149088, 46
1558602779.166704, 46
1558602779.183545, 47
1558602779.199298, 45
1558602779.215372, 46
1558602779.231046, 46
1558602779.245505, 46
1558602779.261987, 47
1558602779.279244, 47
1558602779.295603, 46
1558602779.317086, 47
1558602779.333400, 46
1558602779.348979, 46
1558602779.363929, 46
1558602779.379107, 47
1558602779.394455, 47
1558602779.410678, 47
1558602779.425461, 46
1558602779.441314, 46
1558602779.455882, 47
1558602779.471640, 47
1558602779.486521, 47
1558602779.502742, 47
1558602779.517975, 46
1558602779.533231, 48
1558602779.548893, 48
1558602779.563873, 47
1558602779.579426, 47
1558602779.594335, 48
1558602779.610794, 47
1558602779.626608, 47
1558602779.641633, 48
1558602779.657071, 47
1558602779.673186, 48
1558602779.688626, 49
1558602779.704779, 47
1558602779.721140, 49
1558602779.736208, 48
1558602779.752619, 48
1558602779.769656, 48
1558602779.785620, 48
1558602779.801629, 48
1558602779.818778, 48
1558602779.835806, 48
1558602779.852078, 49
1558602779.869578, 49
1558602779.885347, 47
1558602779.900190, 48
1558602779.915974, 49
1558602779.933112, 48
1558602779.947717, 49
1558602779.962528, 49
1558602779.977898, 48
1558602779.993577, 50
1558602780.011009, 48
1558602780.026438, 49
1558602780.041638, 50
1558602780.057279, 49
1558602780.072502, 50
1558602780.087568, 50
1558602780.102534, 51
1558602780.118240, 48
1558602780.132957, 50
1558602780.149320, 49
1558602780.164893, 50
1558602780.180603, 50
1558602780.196127, 51
1558602780.210660, 51
1558602780.225426, 50
1558602780.241078, 50
1558602780.256319, 51
1558602780.273062, 50
1558602780.289327, 51
1558602780.304245, 50
1558602780.318562, 51
1558602780.332866, 50
1558602780.349074, 50
1558602780.364676, 50
1558602780.380676, 50
1558602780.395857, 52
1558602780.411839, 50
1558602780.427834, 51
1558602780.444597, 50
1558602780.461202, 51
1558602780.476682, 52
1558602780.491602, 52
1558602780.507810, 51
1558602780.522783, 51
1558602780.538583, 52
1558602780.554506, 52
1558602780.570461, 51
1558602780.585196, 52
1558602780.599811, 52
1558602780.614898, 52
1558602780.630094, 51
1558602780.646160, 51
1558602780.660591, 51
1558602780.677038, 52
1558602780.692698, 53
1558602780.707951, 53
1558602780.722533, 51
1558602780.738047, 52
1558602780.754028, 53
1558602780.770172, 52
1558602780.785854, 51
1558602780.802529, 54
1558602780.818075, 53
1558602780.834378, 53
1558602780.850663, 53
1558602780.866180, 53
1558602780.880620, 52
1558602780.895210, 54
1558602780.910826, 53
1558602780.925724, 52
1558602780.940840, 53
1558602780.955397, 53
1558602780.969607, 54
1558602780.984851, 53
1558602781.000071, 54
1558602781.014503, 55
1558602781.028975, 54
1558602781.043073, 53
1558602781.058451, 53
1558602781.073844, 54
1558602781.088461, 53
1558602781.103255, 54
1558602781.117683, 54
1558602781.132139, 54
1558602781.147556, 53
1558602781.162452, 53
1558602781.176445, 53
1558602781.190781, 54
1558602781.205228, 54
1558602781.219484, 54
1558602781.234007, 53
1558602781.248078, 54
1558602781.262461, 54
1558602781.277160, 53
1558602781.292308, 55
1558602781.308438, 55
1558602781.323961, 54
1558602781.339450, 54
1558602781.354479, 54
1558602781.370039, 53
1558602781.385470, 55
1558602781.400802, 56
1558602781.415522, 55
1558602781.430805, 54
1558602781.450524, 55
1558602781.471234, 54
1558602781.493108, 56
1558602781.512253, 55
1558602781.527861, 55
1558602781.542878, 55
1558602781.562916, 56
1558602781.583987, 55
1558602781.603851, 56
1558602781.624100, 55
1558602781.644486, 54
1558602781.666700, 55
1558602781.686520, 55
1558602781.708198, 56
1558602781.729475, 56
1558602781.750495, 55
1558602781.770907, 55
1558602781.786617, 56
1558602781.801608, 56
1558602781.816801, 57
1558602781.832348, 57
1558602781.847487, 56
1558602781.863417, 55
1558602781.879076, 55
1558602781.895038, 57
1558602781.910095, 56
1558602781.925794, 57
1558602781.941582, 56
1558602781.957337, 57
1558602781.972205, 56
1558602781.986969, 56
1558602782.002764, 58
1558602782.018118, 57
1558602782.033200, 58
1558602782.048533, 56
1558602782.064240, 57
1558602782.079424, 56
1558602782.094529, 57
1558602782.109546, 58
1558602782.125572, 58
1558602782.141213, 56
1558602782.155611, 58
1558602782.171707, 58
1558602782.186992, 57
1558602782.201808, 57
1558602782.217229, 59
1558602782.232587, 57
1558602782.247774, 56
1558602782.262576, 58
1558602782.277832, 58
1558602782.293713, 57
1558602782.311036, 59
1558602782.326617, 59
1558602782.348070, 57
1558602782.368422, 58
1558602782.387519, 57
1558602782.408410, 58
1558602782.427838, 60
1558602782.447421, 58
1558602782.466512, 58
1558602782.482324, 58
1558602782.497453, 59
1558602782.513024, 59
1558602782.527787, 58
1558602782.542944, 58
1558602782.562587, 58
1558602782.581927, 59
1558602782.596312, 59
1558602782.609894, 60
1558602782.624839, 59
1558602782.640205, 60
1558602782.656094, 59
1558602782.670730, 58
1558602782.686716, 58
1558602782.701421, 58
1558602782.715817, 60
1558602782.730741, 60
1558602782.745981, 58
1558602782.761284, 59
1558602782.776198, 60
1558602782.791867, 58
1558602782.808210, 61
1558602782.823777, 61
1558602782.838922, 60
1558602782.854337, 59
1558602782.869141, 59
1558602782.884439, 60
1558602782.899783, 59
1558602782.915964, 61
1558602782.931003, 61
1558602782.949389, 59
1558602782.972073, 59
1558602782.990985, 59
1558602783.010688, 59
1558602783.026001, 61
1558602783.041022, 62
1558602783.055901, 61
1558602783.070957, 61
1558602783.091751, 58
1558602783.108957, 59
1558602783.124293, 60
1558602783.140111, 61
1558602783.155139, 61
1558602783.170745, 60
1558602783.185922, 60
1558602783.201065, 61
1558602783.217477, 61
1558602783.233545, 61
1558602783.249026, 62
1558602783.265006, 61
1558602783.281513, 60
1558602783.296975, 61
1558602783.312934, 61
1558602783.327802, 61
1558602783.343505, 63
1558602783.359147, 62
1558602783.374426, 62
1558602783.388956, 61
1558602783.404593, 61
1558602783.420971, 63
1558602783.436468, 62
1558602783.453480, 61
1558602783.469629, 62
1558602783.485814, 61
1558602783.502500, 61
1558602783.519164, 62
1558602783.534459, 62
1558602783.549894, 62
1558602783.565394, 62
1558602783.582663, 62
1558602783.597310, 61
1558602783.612037, 60
1558602783.626454, 62
1558602783.642699, 62
1558602783.657416, 63
1558602783.673030, 62
1558602783.688012, 62
1558602783.702046, 63
1558602783.716295, 63
1558602783.732049, 64
1558602783.749028, 64
1558602783.764047, 62
1558602783.779809, 62
1558602783.801086, 63
1558602783.821099, 63
1558602783.841029, 64
1558602783.860971, 63
1558602783.882457, 61
1558602783.898712, 62
1558602783.913859, 64
1558602783.929795, 65
1558602783.945448, 63
1558602783.960982, 64
1558602783.976463, 63
1558602783.991072, 63
1558602784.006106, 63
1558602784.022825, 64
1558602784.037135, 64
1558602784.052022, 64
1558602784.068523, 62
1558602784.083213, 63
1558602784.098214, 62
1558602784.114803, 63
1558602784.131534, 64
1558602784.146483, 65
1558602784.162142, 65
1558602784.177823, 64
1558602784.192999, 64
1558602784.208363, 63
1558602784.223574, 65
1558602784.238642, 66
1558602784.253851, 65
1558602784.269298, 66
1558602784.284996, 64
1558602784.300606, 64
1558602784.315373, 64
1558602784.330734, 65
1558602784.346519, 66
1558602784.366237, 65
1558602784.381121, 64
1558602784.396539, 65
1558602784.411467, 64
1558602784.426392, 65
1558602784.441057, 64
1558602784.456270, 66
1558602784.473071, 65
1558602784.488336, 64
1558602784.504134, 64
1558602784.519109, 65
1558602784.534265, 66
1558602784.549235, 66
1558602784.564584, 65
1558602784.580291, 64
1558602784.595796, 64
1558602784.610454, 65
1558602784.626030, 66
1558602784.641621, 66
1558602784.656973, 66
1558602784.672398, 66
1558602784.688166, 65
1558602784.703371, 66
1558602784.718653, 66
1558602784.733338, 66
1558602784.748720, 66
1558602784.764331, 67
1558602784.779606, 65
1558602784.794774, 65
1558602784.810892, 65
1558602784.826117, 67
1558602784.841653, 66
1558602784.857013, 65
1558602784.872877, 67
1558602784.888803, 66
1558602784.904255, 65
1558602784.920100, 66
1558602784.936485, 66
1558602784.952852, 67
1558602784.969216, 67
1558602784.983854, 66
1558602784.999263, 67
1558602785.013623, 66
1558602785.029030, 66
1558602785.044181, 67
1558602785.059361, 68
1558602785.074778, 67
1558602785.089443, 67
1558602785.104860, 67
1558602785.120462, 67
1558602785.136252, 67
1558602785.151750, 67
1558602785.166571, 68
1558602785.181701, 66
1558602785.196916, 66
1558602785.213300, 67
1558602785.228710, 67
1558602785.244127, 68
1558602785.258928, 68
1558602785.273572, 68
1558602785.288173, 65
1558602785.303486, 66
1558602785.318547, 66
1558602785.333384, 68
1558602785.348858, 67
1558602785.364096, 69
1558602785.379334, 69
1558602785.394781, 67
1558602785.410739, 67
1558602785.425978, 68
1558602785.441440, 69
1558602785.457140, 68
1558602785.472776, 69
1558602785.488484, 68
1558602785.503061, 67
1558602785.519668, 68
1558602785.541379, 68
1558602785.556499, 69
1558602785.572811, 68
1558602785.589361, 68
1558602785.605325, 68
1558602785.621248, 67
1558602785.638358, 69
1558602785.660160, 69
1558602785.674728, 69
1558602785.689277, 70
1558602785.703332, 68
1558602785.718821, 69
1558602785.734681, 70
1558602785.750227, 70
1558602785.766391, 69
1558602785.782082, 69
1558602785.800005, 69
1558602785.818047, 69
1558602785.834871, 69
1558602785.851514, 69
1558602785.868002, 69
1558602785.885342, 69
1558602785.903479, 69
1558602785.919851, 69
1558602785.936423, 70
1558602785.951938, 70
1558602785.968196, 69
1558602785.984058, 70
1558602786.000263, 69
1558602786.019269, 69
1558602786.035639, 70
1558602786.051781, 70
1558602786.066480, 71
1558602786.083633, 71
1558602786.098157, 69
1558602786.116551, 69
1558602786.130863, 70
1558602786.148654, 70
1558602786.163822, 70
1558602786.180245, 71
1558602786.197491, 70
1558602786.214146, 70
1558602786.229815, 70
1558602786.246354, 70
1558602786.265061, 71
1558602786.280809, 71
1558602786.295733, 71
1558602786.313833, 69
1558602786.329319, 70
1558602786.344852, 71
1558602786.360589, 71
1558602786.377056, 71
1558602786.394232, 72
1558602786.410707, 70
1558602786.426644, 70
1558602786.441895, 71
1558602786.457989, 71
1558602786.473145, 71
1558602786.487454, 71
1558602786.502850, 71
1558602786.518244, 70
1558602786.533357, 71
1558602786.548453, 71
1558602786.563844, 72
1558602786.579534, 72
1558602786.596114, 73
1558602786.610696, 71
1558602786.625871, 70
1558602786.641137, 70
1558602786.656308, 72
1558602786.671527, 72
1558602786.685808, 71
1558602786.701101, 73
1558602786.716821, 71
1558602786.732794, 70
1558602786.748659, 72
1558602786.763441, 72
1558602786.778829, 73
1558602786.793517, 72
1558602786.807690, 71
1558602786.821847, 71
1558602786.836449, 72
1558602786.851861, 72
1558602786.866657, 72
1558602786.881562, 72
1558602786.896479, 73
1558602786.911173, 71
1558602786.926552, 73
1558602786.941580, 71
1558602786.957182, 72
1558602786.972023, 74
1558602786.987120, 73
1558602787.002570, 73
1558602787.017811, 71
1558602787.033625, 72
1558602787.048479, 72
1558602787.063509, 72
1558602787.079242, 71
1558602787.095245, 73
1558602787.110590, 74
1558602787.124607, 73
1558602787.140745, 73
1558602787.156006, 73
1558602787.170859, 74
1558602787.185606, 74
1558602787.200988, 72
1558602787.217193, 72
1558602787.232383, 72
1558602787.247967, 73
1558602787.263057, 73
1558602787.277312, 73
1558602787.291474, 73
1558602787.306724, 75
1558602787.321442, 74
1558602787.349313, 72
1558602787.363860, 74
1558602787.378328, 74
1558602787.392126, 74
1558602787.406805, 74
1558602787.421208, 73
1558602787.437024, 73
1558602787.451892, 74
1558602787.467547, 75
1558602787.483584, 75
1558602787.503425, 73
1558602787.519695, 74
1558602787.535791, 73
1558602787.552068, 73
1558602787.567706, 75
1558602787.582931, 74
1558602787.596906, 73
1558602787.611249, 74
1558602787.625502, 73
1558602787.640777, 73
1558602787.654478, 74
1558602787.668454, 74
1558602787.683146, 76
1558602787.698670, 75
1558602787.714514, 75
1558602787.729748, 74
1558602787.744996, 74
1558602787.760218, 74
1558602787.775346, 75
1558602787.793494, 76
1558602787.809449, 75
1558602787.824861, 74
1558602787.839539, 74
1558602787.854444, 75
1558602787.869498, 76
1558602787.884507, 76
1558602787.899932, 75
1558602787.914636, 75
1558602787.932219, 75
1558602787.947943, 75
1558602787.966721, 75
1558602787.982687, 75
1558602788.002704, 75
1558602788.022870, 74
1558602788.045756, 75
1558602788.060738, 77
1558602788.075484, 76
1558602788.091135, 76
1558602788.106395, 76
1558602788.122109, 76
1558602788.137331, 75
1558602788.152512, 76
1558602788.168274, 77
1558602788.184833, 76
1558602788.199979, 76
1558602788.215227, 75
1558602788.230511, 76
1558602788.245066, 75
1558602788.260378, 76
1558602788.274970, 77
1558602788.289200, 76
1558602788.305926, 76
1558602788.320045, 76
1558602788.335394, 76
1558602788.351332, 75
1558602788.365890, 76
1558602788.382205, 77
1558602788.397644, 77
1558602788.413263, 76
1558602788.428631, 76
1558602788.444100, 76
1558602788.458527, 77
1558602788.472978, 77
1558602788.488621, 76
1558602788.503254, 77
1558602788.518165, 77
1558602788.533056, 75
1558602788.548799, 76
1558602788.564080, 77
1558602788.580174, 76
1558602788.595181, 76
1558602788.610469, 78
1558602788.626833, 77
1558602788.642612, 77
1558602788.658012, 77
1558602788.673479, 77
1558602788.690378, 77
1558602788.705065, 78
1558602788.720418, 78
1558602788.735857, 77
1558602788.751246, 77
1558602788.768071, 78
1558602788.785341, 77
1558602788.805752, 77
1558602788.825166, 78
1558602788.843892, 77
1558602788.864986, 77
1558602788.884496, 79
1558602788.903711, 78
1558602788.924644, 79
1558602788.943904, 77
1558602788.964122, 76
1558602788.983570, 78
1558602788.999576, 79
1558602789.014431, 79
1558602789.035767, 78
1558602789.055147, 77
1558602789.074926, 78
1558602789.094797, 79
1558602789.114832, 77
1558602789.132170, 79
1558602789.147294, 79
1558602789.162193, 77
1558602789.177609, 79
1558602789.193373, 78
1558602789.208364, 79
1558602789.223293, 79
1558602789.238001, 79
1558602789.253098, 78
1558602789.268362, 78
1558602789.284656, 78
1558602789.300219, 79
1558602789.315817, 80
1558602789.331078, 79
1558602789.347016, 79
1558602789.365751, 79
1558602789.382420, 78
1558602789.398921, 79
1558602789.414607, 80
1558602789.430452, 80
1558602789.446579, 79
1558602789.461873, 80
1558602789.476868, 79
1558602789.493764, 78
1558602789.509078, 80
1558602789.524159, 80
1558602789.539486, 80
1558602789.556550, 79
1558602789.571738, 79
1558602789.586382, 79
1558602789.601026, 79
1558602789.617954, 80
1558602789.634027, 80
1558602789.651461, 81
1558602789.667536, 79
1558602789.682769, 80
1558602789.699753, 79
1558602789.715721, 80
1558602789.730483, 79
1558602789.747049, 81
1558602789.767120, 80
1558602789.784488, 79
1558602789.801698, 80
1558602789.816192, 81
1558602789.831555, 80
1558602789.847206, 81
1558602789.863207, 81
1558602789.878655, 80
1558602789.893508, 79
1558602789.909162, 80
1558602789.923396, 81
1558602789.938042, 80
1558602789.952823, 81
1558602789.967697, 80
1558602789.981379, 80
1558602789.995618, 80
1558602790.010289, 79
1558602790.025293, 82
1558602790.042223, 81
1558602790.056529, 80
1558602790.070619, 81
1558602790.084919, 82
1558602790.100157, 80
1558602790.114549, 81
1558602790.129197, 82
1558602790.143239, 81
1558602790.157316, 80
1558602790.180216, 82
1558602790.198115, 81
1558602790.214479, 80
1558602790.229287, 82
1558602790.245826, 81
1558602790.261235, 80
1558602790.292761, 81
1558602790.314082, 82
1558602790.328440, 81
1558602790.343465, 82
1558602790.357833, 82
1558602790.372847, 82
1558602790.387615, 81
1558602790.402433, 82
1558602790.418076, 82
1558602790.434546, 81
1558602790.449985, 82
1558602790.468866, 83
1558602790.486472, 82
1558602790.502407, 82
1558602790.517541, 81
1558602790.532713, 82
1558602790.550004, 82
1558602790.568134, 81
1558602790.582394, 82
1558602790.599320, 82
1558602790.614005, 80
1558602790.629500, 82
1558602790.644071, 83
1558602790.660142, 82
1558602790.675761, 83
1558602790.690724, 83
1558602790.706575, 82
1558602790.721946, 83
1558602790.738093, 83
1558602790.755157, 83
1558602790.770398, 82
1558602790.786961, 83
1558602790.803723, 82
1558602790.819457, 81
1558602790.835126, 83
1558602790.851716, 83
1558602790.866393, 84
1558602790.882932, 83
1558602790.898178, 84
1558602790.915897, 83
1558602790.930900, 83
1558602790.945207, 83
1558602790.961030, 84
1558602790.979516, 83
1558602790.995538, 82
1558602791.011393, 83
1558602791.025964, 83
1558602791.040544, 83
1558602791.056571, 84
1558602791.071670, 84
1558602791.087765, 82
1558602791.103027, 83
1558602791.117430, 82
1558602791.132933, 84
1558602791.147808, 84
1558602791.162582, 83
1558602791.177392, 83
1558602791.192066, 84
1558602791.207064, 83
1558602791.222665, 83
1558602791.238719, 83
1558602791.253655, 82
1558602791.269042, 83
1558602791.283979, 84
1558602791.298724, 84
1558602791.313499, 84
1558602791.328160, 85
1558602791.343885, 84
1558602791.358384, 85
1558602791.373408, 84
1558602791.390382, 83
1558602791.420348, 83
1558602791.440921, 84
1558602791.456954, 84
1558602791.473228, 84
1558602791.490610, 85
1558602791.506713, 85
1558602791.521653, 85
1558602791.538181, 84
1558602791.552353, 84
1558602791.567972, 85
1558602791.584269, 83
1558602791.600877, 84
1558602791.615864, 84
1558602791.630783, 84
1558602791.645743, 84
1558602791.659821, 85
1558602791.675110, 85
1558602791.693485, 83
1558602791.708879, 84
1558602791.723427, 86
1558602791.738049, 86
1558602791.753540, 85
1558602791.770628, 85
1558602791.785974, 86
1558602791.800863, 85
1558602791.816343, 84
1558602791.832020, 86
1558602791.847370, 86
1558602791.861939, 84
1558602791.877148, 86
1558602791.893148, 85
1558602791.908929, 86
1558602791.923805, 85
1558602791.938846, 86
1558602791.954160, 86
1558602791.969448, 85
1558602791.985364, 86
1558602792.001488, 86
1558602792.018501, 85
1558602792.035457, 86
1558602792.050622, 86
1558602792.066252, 86
1558602792.082497, 84
1558602792.097510, 86
1558602792.113488, 86
1558602792.128194, 83
1558602792.144808, 85
1558602792.159543, 87
1558602792.177541, 86
1558602792.193253, 86
1558602792.213013, 87
1558602792.227800, 85
1558602792.245440, 86
1558602792.260580, 87
1558602792.276032, 87
1558602792.291212, 86
1558602792.306888, 86
1558602792.322402, 87
1558602792.338124, 87
1558602792.352648, 86
1558602792.367917, 86
1558602792.382554, 86
1558602792.417637, 84
1558602792.433786, 88
1558602792.449805, 87
1558602792.465484, 86
1558602792.481846, 86
1558602792.498386, 86
1558602792.514388, 86
1558602792.529631, 86
1558602792.545644, 86
1558602792.562564, 86
1558602792.577842, 87
1558602792.597003, 87
1558602792.611607, 88
1558602792.627150, 87
1558602792.641571, 86
1558602792.656775, 87
1558602792.672078, 87
1558602792.688079, 86
1558602792.704492, 86
1558602792.721232, 87
1558602792.736996, 87
1558602792.753170, 87
1558602792.768493, 88
1558602792.783819, 88
1558602792.798204, 87
1558602792.813295, 88
1558602792.828797, 87
1558602792.843851, 87
1558602792.860193, 88
1558602792.875726, 88
1558602792.890630, 87
1558602792.905998, 87
1558602792.920953, 87
1558602792.935939, 87
1558602792.951320, 87
1558602792.968015, 87
1558602792.984007, 88
1558602792.999582, 87
1558602793.014714, 88
1558602793.030502, 88
1558602793.045076, 88
1558602793.060171, 88
1558602793.074982, 88
1558602793.090217, 88
1558602793.105122, 88
1558602793.120268, 88
1558602793.135852, 89
1558602793.151099, 88
1558602793.166693, 88
1558602793.181373, 88
1558602793.196406, 88
1558602793.211711, 88
1558602793.226230, 88
1558602793.240680, 90
1558602793.258157, 87
1558602793.289183, 86
1558602793.307065, 89
1558602793.346138, 90
1558602793.364640, 89
1558602793.380052, 89
1558602793.408125, 88
1558602793.512713, 89
1558602793.531715, 90
1558602793.548271, 89
1558602793.562801, 89
1558602793.577211, 90
1558602793.593401, 91
1558602793.617975, 89
1558602793.634419, 91
1558602793.657406, 90
1558602793.673492, 90
1558602793.689493, 90
1558602793.704892, 91
1558602793.719387, 89
1558602793.734619, 90
1558602793.749475, 89
1558602793.763238, 89
1558602793.777330, 90
1558602793.793364, 89
1558602793.853471, 89
1558602793.867783, 89
1558602793.882545, 90
1558602793.898371, 90
1558602793.914007, 91
1558602793.929929, 90
1558602793.945320, 90
1558602793.960186, 90
1558602793.976804, 90
1558602793.995803, 90
1558602794.012239, 90
1558602794.031796, 89
1558602794.048924, 89
1558602794.091588, 92
1558602794.112703, 92
1558602794.128174, 91
1558602794.143977, 89
1558602794.159168, 91
1558602794.176582, 91
1558602794.191457, 90
1558602794.205635, 91
1558602794.221949, 91
1558602794.237319, 91
1558602794.253159, 90
1558602794.270206, 90
1558602794.288119, 90
1558602794.303209, 91
1558602794.317040, 89
1558602794.332586, 91
1558602794.348616, 90
1558602794.363789, 91
1558602794.379121, 91
1558602794.395009, 91
1558602794.410241, 90
1558602794.425618, 91
1558602794.440470, 92
1558602794.456978, 92
1558602794.472336, 90
1558602794.488179, 91
1558602794.504521, 90
1558602794.520889, 90
1558602794.537452, 91
1558602794.554394, 92
1558602794.570669, 91
1558602794.587220, 91
1558602794.603290, 93
1558602794.618769, 92
1558602794.633580, 92
1558602794.649211, 91
1558602794.666360, 91
1558602794.683410, 91
1558602794.697822, 93
1558602794.713010, 91
1558602794.728329, 92
1558602794.751545, 91
1558602794.766781, 92
1558602794.782415, 92
1558602794.800101, 92
1558602794.814510, 91
1558602794.830228, 92
1558602794.843757, 91
1558602794.858202, 92
1558602794.873781, 91
1558602794.888206, 91
1558602794.902892, 92
1558602794.916844, 92
1558602794.932086, 91
1558602794.951556, 92
1558602794.968928, 92
1558602794.983591, 91
1558602794.999025, 91
1558602795.014557, 93
1558602795.030713, 92
1558602795.046004, 92
1558602795.060382, 92
1558602795.075451, 91
1558602795.090546, 93
1558602795.106549, 93
1558602795.122319, 92
1558602795.138498, 93
1558602795.153879, 92
1558602795.169606, 93
1558602795.185240, 91
1558602795.200629, 94
1558602795.215717, 92
1558602795.231672, 92
1558602795.249601, 92
1558602795.263823, 92
1558602795.278882, 93
1558602795.294643, 93
1558602795.310556, 92
1558602795.326076, 93
1558602795.342235, 93
1558602795.357620, 92
1558602795.373318, 93
1558602795.388078, 93
1558602795.412104, 94
1558602795.427972, 92
1558602795.442628, 92
1558602795.459429, 93
1558602795.474420, 92
1558602795.489537, 94
1558602795.505223, 94
1558602795.520532, 94
1558602795.538625, 93
1558602795.553846, 93
1558602795.571023, 93
1558602795.586607, 94
1558602795.602659, 95
1558602795.618638, 93
1558602795.634999, 93
1558602795.649797, 94
1558602795.664102, 94
1558602795.678195, 93
1558602795.694124, 93
1558602795.710652, 95
1558602795.726114, 95
1558602795.742499, 93
1558602795.758194, 94
1558602795.773841, 94
1558602795.788608, 94
1558602795.802943, 95
1558602795.818108, 94
1558602795.834192, 93
1558602795.849740, 94
1558602795.865887, 93
1558602795.881170, 94
1558602795.896295, 94
1558602795.911798, 95
1558602795.926988, 94
1558602795.941882, 94
1558602795.958238, 95
1558602795.974724, 95
1558602795.991849, 95
1558602796.006621, 95
1558602796.021869, 96
1558602796.037365, 95
1558602796.052675, 94
1558602796.069176, 94
1558602796.084652, 95
1558602796.101043, 94
1558602796.116410, 95
1558602796.132034, 96
1558602796.152932, 95
1558602796.167141, 94
1558602796.181669, 94
1558602796.196604, 94
1558602796.211528, 97
1558602796.227727, 95
1558602796.242659, 95
1558602796.258027, 95
1558602796.273786, 95
1558602796.289016, 95
1558602796.305533, 95
1558602796.322089, 96
1558602796.337249, 95
1558602796.352747, 94
1558602796.367902, 95
1558602796.386761, 95
1558602796.409900, 95
1558602796.428048, 95
1558602796.444139, 95
1558602796.459446, 96
1558602796.474026, 96
1558602796.490242, 95
1558602796.507292, 95
1558602796.522240, 96
1558602796.538655, 95
1558602796.553928, 95
1558602796.569788, 95
1558602796.585169, 94
1558602796.600753, 95
1558602796.616011, 96
1558602796.631469, 96
1558602796.646689, 96
1558602796.661198, 96
1558602796.676967, 96
1558602796.691713, 96
1558602796.705745, 97
1558602796.721383, 97
1558602796.736571, 96
1558602796.754460, 95
1558602796.770594, 96
1558602796.786629, 96
1558602796.808071, 97
1558602796.827312, 97
1558602796.847016, 95
1558602796.864411, 96
1558602796.880092, 96
1558602796.895278, 95
1558602796.911062, 98
1558602796.926504, 98
1558602796.940864, 96
1558602796.956318, 97
1558602796.971564, 96
1558602796.986744, 96
1558602797.001965, 97
1558602797.018345, 98
1558602797.033287, 96
1558602797.049856, 96
1558602797.065037, 97
1558602797.080645, 96
1558602797.095838, 96
1558602797.110915, 96
1558602797.126033, 98
1558602797.140399, 98
1558602797.154763, 97
1558602797.170476, 96
1558602797.186095, 96
1558602797.201877, 98
1558602797.216976, 97
1558602797.233090, 97
1558602797.247811, 98
1558602797.263965, 97
1558602797.279599, 97
1558602797.295850, 96
1558602797.311826, 98
1558602797.326083, 98
1558602797.340789, 97
1558602797.355578, 97
1558602797.370636, 97
1558602797.386788, 97
1558602797.406784, 97
1558602797.427828, 98
1558602797.447476, 98
1558602797.461783, 97
1558602797.477088, 97
1558602797.492598, 98
1558602797.507915, 97
1558602797.523035, 99
1558602797.541130, 97
1558602797.556277, 97
1558602797.570532, 97
1558602797.585021, 97
1558602797.600354, 96
1558602797.615455, 98
1558602797.630748, 99
1558602797.646205, 98
1558602797.660999, 98
1558602797.676020, 97
1558602797.690412, 99
1558602797.704131, 98
1558602797.717846, 99
1558602797.731912, 98
1558602797.745793, 99
1558602797.760208, 98
1558602797.774253, 97
1558602797.788132, 98
1558602797.802205, 98
1558602797.822963, 99
1558602797.845112, 97
1558602797.865406, 97
1558602797.889043, 98
1558602797.903877, 98
1558602797.927035, 100
1558602797.947297, 99
1558602797.962026, 98
1558602797.976973, 98
1558602797.991693, 98
1558602798.007463, 99
1558602798.022624, 99
1558602798.036302, 99
1558602798.050556, 99
1558602798.065086, 98
1558602798.078890, 98
1558602798.093958, 99
1558602798.108427, 98
1558602798.123932, 100
1558602798.138737, 100
1558602798.154110, 98
1558602798.171276, 98
1558602798.186680, 99
1558602798.202201, 98
1558602798.218073, 99
1558602798.233756, 101
1558602798.249562, 100
1558602798.265574, 98
1558602798.280301, 100
1558602798.296056, 99
1558602798.310889, 98
1558602798.325256, 99
1558602798.340258, 101
1558602798.355140, 99
1558602798.370015, 99
1558602798.387148, 100
1558602798.402819, 99
1558602798.418795, 98
1558602798.434178, 101
1558602798.449238, 101
1558602798.465257, 99
1558602798.480448, 100
1558602798.495013, 99
1558602798.510988, 99
1558602798.525708, 100
1558602798.542555, 100
1558602798.557345, 99
1558602798.572727, 99
1558602798.587045, 100
1558602798.602194, 99
1558602798.616887, 100
1558602798.631967, 101
1558602798.646657, 100
1558602798.662236, 101
1558602798.677578, 100
1558602798.693105, 99
1558602798.708222, 100
1558602798.722773, 100
1558602798.738006, 101
1558602798.753095, 101
1558602798.769673, 100
1558602798.785453, 101
1558602798.800002, 99
1558602798.815627, 99
1558602798.831216, 102
1558602798.846546, 101
1558602798.861992, 100
1558602798.877977, 100
1558602798.893611, 100
1558602798.909524, 99
1558602798.925068, 101
1558602798.940188, 102
1558602798.955180, 101
1558602798.970630, 100
1558602798.986036, 101
1558602799.002337, 101
1558602799.017594, 100
1558602799.033151, 101
1558602799.048779, 102
1558602799.064760, 100
1558602799.080577, 100
1558602799.096363, 101
1558602799.112282, 100
1558602799.127502, 101
1558602799.142431, 102
1558602799.157557, 102
1558602799.172473, 101
1558602799.186999, 101
1558602799.201917, 100
1558602799.217061, 101
1558602799.231935, 102
1558602799.247597, 102
1558602799.262366, 104
1558602799.277441, 102
1558602799.295964, 102
1558602799.310723, 101
1558602799.325896, 102
1558602799.341320, 103
1558602799.356569, 104
1558602799.374973, 102
1558602799.390486, 102
1558602799.406088, 102
1558602799.421947, 102
1558602799.437096, 104
1558602799.453464, 103
1558602799.468909, 103
1558602799.484391, 102
1558602799.498957, 101
1558602799.514720, 102
1558602799.530502, 102
1558602799.545740, 102
1558602799.561379, 103
1558602799.581162, 101
1558602799.601618, 102
1558602799.622507, 102
1558602799.641042, 104
1558602799.659968, 103
1558602799.678422, 102
1558602799.694543, 103
1558602799.710132, 103
1558602799.726412, 102
1558602799.740866, 102
1558602799.755711, 104
1558602799.771351, 102
1558602799.786669, 102
1558602799.801858, 103
1558602799.816298, 103
1558602799.831588, 102
1558602799.847889, 103
1558602799.862925, 104
1558602799.877717, 102
1558602799.893189, 103
1558602799.908720, 102
1558602799.924410, 103
1558602799.940135, 103
1558602799.954723, 103
1558602799.969689, 103
1558602799.985106, 103
1558602799.999974, 101
1558602800.016018, 103
1558602800.030667, 102
1558602800.047278, 103
1558602800.062519, 103
1558602800.077624, 103
1558602800.093874, 102
1558602800.110097, 103
1558602800.125920, 104
1558602800.141002, 105
1558602800.156190, 104
1558602800.171641, 104
1558602800.185917, 104
1558602800.200694, 103
1558602800.216310, 103
1558602800.231321, 102
1558602800.247001, 105
1558602800.262380, 104
1558602800.277458, 103
1558602800.292742, 103
1558602800.308721, 103
1558602800.323731, 103
1558602800.338984, 103
1558602800.354213, 104
1558602800.369754, 103
1558602800.385064, 104
1558602800.400815, 103
1558602800.415527, 104
1558602800.430748, 103
1558602800.446524, 105
1558602800.462696, 105
1558602800.477882, 104
1558602800.493647, 103
1558602800.508919, 104
1558602800.522714, 103
1558602800.538087, 103
1558602800.552605, 105
1558602800.567996, 104
1558602800.582930, 103
1558602800.598414, 102
1558602800.613039, 103
1558602800.628187, 105
1558602800.643437, 105
1558602800.658543, 104
1558602800.673837, 106
1558602800.689395, 104
1558602800.704401, 104
1558602800.720272, 104
1558602800.740572, 106
1558602800.759299, 105
1558602800.779091, 105
1558602800.798341, 105
1558602800.818512, 104
1558602800.838878, 105
1558602800.858267, 105
1558602800.878536, 105
1558602800.897860, 104
1558602800.918117, 104
1558602800.937739, 104
1558602800.952879, 105
1558602800.967395, 107
1558602800.981774, 106
1558602800.996867, 105
1558602801.011444, 104
1558602801.026893, 104
1558602801.042511, 103
1558602801.058189, 105
1558602801.073949, 105
1558602801.089094, 104
1558602801.104903, 104
1558602801.119867, 105
1558602801.135359, 104
1558602801.150954, 105
1558602801.166416, 107
1558602801.181657, 107
1558602801.196739, 105
1558602801.212299, 105
1558602801.227178, 105
1558602801.242706, 105
1558602801.257942, 106
1558602801.272659, 107
1558602801.287542, 105
1558602801.302808, 105
1558602801.317870, 103
1558602801.332904, 105
1558602801.348432, 107
1558602801.363811, 106
1558602801.378686, 107
1558602801.393688, 106
1558602801.409354, 105
1558602801.424721, 105
1558602801.444124, 106
1558602801.462027, 106
1558602801.477561, 107
1558602801.492723, 106
1558602801.508082, 105
1558602801.523050, 105
1558602801.538113, 105
1558602801.553322, 106
1558602801.568436, 105
1558602801.583216, 106
1558602801.597565, 106
1558602801.616895, 106
1558602801.635968, 105
1558602801.657679, 107
1558602801.676709, 107
1558602801.692447, 107
1558602801.707449, 106
1558602801.722689, 106
1558602801.737745, 106
1558602801.752941, 108
1558602801.774074, 107
1558602801.792413, 106
1558602801.813923, 107
1558602801.833524, 106
1558602801.853941, 106
1558602801.873844, 108
1558602801.892670, 106
1558602801.912698, 107
1558602801.934548, 107
1558602801.948832, 107
1558602801.963802, 107
1558602801.978642, 108
1558602801.994026, 106
1558602802.010701, 107
1558602802.025759, 106
1558602802.040336, 106
1558602802.055233, 107
1558602802.070774, 107
1558602802.086470, 107
1558602802.101574, 107
1558602802.118451, 106
1558602802.134711, 106
1558602802.149482, 107
1558602802.164867, 107
1558602802.180712, 106
1558602802.196257, 109
1558602802.211470, 108
1558602802.227428, 106
1558602802.241635, 107
1558602802.256847, 107
1558602802.272121, 108
1558602802.287849, 107
1558602802.302634, 108
1558602802.317192, 108
1558602802.333274, 107
1558602802.349230, 107
1558602802.364246, 109
1558602802.378966, 108
1558602802.394742, 108
1558602802.409950, 107
1558602802.424257, 108
1558602802.439840, 108
1558602802.454556, 108
1558602802.469728, 109
1558602802.485341, 108
1558602802.500768, 108
1558602802.515920, 107
1558602802.531386, 108
1558602802.547223, 107
1558602802.562475, 108
1558602802.577307, 109
1558602802.592011, 108
1558602802.607366, 107
1558602802.622669, 105
1558602802.638386, 108
1558602802.653806, 107
1558602802.669783, 108
1558602802.685071, 109
1558602802.700754, 108
1558602802.716414, 107
1558602802.732143, 109
1558602802.748412, 108
1558602802.763914, 110
1558602802.779522, 108
1558602802.794924, 110
1558602802.811925, 108
1558602802.826730, 108
1558602802.842628, 107
1558602802.857825, 110
1558602802.877380, 109
1558602802.898467, 108
1558602802.917824, 108
1558602802.936792, 109
1558602802.952133, 109
1558602802.968768, 110
1558602802.983787, 109
1558602802.998854, 109
1558602803.014627, 108
1558602803.029383, 109
1558602803.044354, 108
1558602803.059862, 107
1558602803.075789, 110
1558602803.094983, 108
1558602803.113826, 108
1558602803.134612, 109
1558602803.155291, 109
1558602803.171524, 110
1558602803.186680, 110
1558602803.206748, 109
1558602803.225892, 108
1558602803.246526, 109
1558602803.265811, 110
1558602803.282849, 111
1558602803.297749, 111
1558602803.313456, 109
1558602803.329514, 108
1558602803.344313, 109
1558602803.359361, 111
1558602803.374615, 110
1558602803.389585, 110
1558602803.404100, 111
1558602803.419375, 110
1558602803.434510, 109
1558602803.449323, 110
1558602803.464568, 111
1558602803.479627, 110
1558602803.495060, 111
1558602803.509939, 110
1558602803.525750, 109
1558602803.540762, 109
1558602803.555522, 109
1558602803.570489, 111
1558602803.585612, 111
1558602803.601097, 110
1558602803.616200, 109
1558602803.632239, 110
1558602803.647940, 110
1558602803.663552, 111
1558602803.680466, 111
1558602803.695596, 110
1558602803.710941, 110
1558602803.725825, 110
1558602803.741696, 110
1558602803.756668, 109
1558602803.772467, 111
1558602803.787612, 111
1558602803.803421, 110
1558602803.818216, 110
1558602803.834269, 110
1558602803.850084, 110
1558602803.865629, 111
1558602803.881006, 112
1558602803.896111, 111
1558602803.911912, 111
1558602803.926186, 110
1558602803.940974, 110
1558602803.956311, 110
1558602803.971217, 111
1558602803.986501, 111
1558602804.001186, 112
1558602804.017558, 110
1558602804.032977, 110
1558602804.048191, 110
1558602804.063249, 111
1558602804.078856, 111
1558602804.093961, 112
1558602804.108999, 112
1558602804.124384, 111
1558602804.139347, 110
1558602804.154693, 111
1558602804.171136, 112
1558602804.186212, 111
1558602804.201417, 111
1558602804.216920, 111
1558602804.231611, 111
1558602804.247382, 110
1558602804.262987, 111
1558602804.281950, 111
1558602804.298211, 111
1558602804.314920, 112
1558602804.335097, 112
1558602804.355675, 111
1558602804.377839, 114
1558602804.393870, 113
1558602804.410061, 113
1558602804.425435, 112
1558602804.440828, 113
1558602804.455652, 113
1558602804.470676, 113
1558602804.486578, 114
1558602804.501491, 113
1558602804.516275, 113
1558602804.531201, 112
1558602804.546847, 113
1558602804.563246, 113
1558602804.577700, 114
1558602804.593292, 114
1558602804.608420, 113
1558602804.623398, 111
1558602804.640519, 112
1558602804.656978, 112
1558602804.672275, 112
1558602804.687906, 113
1558602804.702674, 112
1558602804.718122, 112
1558602804.734137, 111
1558602804.749366, 111
1558602804.765149, 112
1558602804.780074, 113
1558602804.794748, 112
1558602804.810393, 113
1558602804.825823, 112
1558602804.841524, 110
1558602804.856796, 111
1558602804.871393, 112
1558602804.887081, 113
1558602804.902035, 112
1558602804.917308, 113
1558602804.933021, 112
1558602804.948160, 112
1558602804.963278, 111
1558602804.978403, 114
1558602804.993918, 113
1558602805.009322, 113
1558602805.024050, 114
1558602805.039412, 112
1558602805.054431, 112
1558602805.069265, 112
1558602805.084388, 113
1558602805.100079, 113
1558602805.115221, 113
1558602805.130237, 112
1558602805.146726, 112
1558602805.161471, 112
1558602805.176723, 113
1558602805.190821, 113
1558602805.206059, 113
1558602805.221061, 114
1558602805.236428, 112
1558602805.255900, 113
1558602805.277379, 113
1558602805.297544, 114
1558602805.317626, 114
1558602805.336617, 112
1558602805.355982, 113
1558602805.376355, 114
1558602805.395806, 114
1558602805.413804, 113
1558602805.433521, 113
1558602805.453161, 113
1558602805.471952, 113
1558602805.487030, 115
1558602805.502124, 114
1558602805.517184, 114
1558602805.537060, 114
1558602805.553026, 113
1558602805.568412, 113
1558602805.583805, 113
1558602805.599329, 114
1558602805.615419, 114
1558602805.630787, 114
1558602805.645854, 114
1558602805.661066, 113
1558602805.675770, 113
1558602805.690961, 114
1558602805.705476, 115
1558602805.720766, 114
1558602805.735594, 115
1558602805.750380, 113
1558602805.766351, 113
1558602805.781023, 115
1558602805.795918, 114
1558602805.811850, 115
1558602805.827314, 114
1558602805.843131, 113
1558602805.858843, 113
1558602805.874442, 114
1558602805.889453, 115
1558602805.905741, 114
1558602805.920799, 114
1558602805.936098, 114
1558602805.951769, 113
1558602805.967533, 113
1558602805.982267, 114
1558602805.998425, 114
1558602806.019641, 116
1558602806.038863, 114
1558602806.057974, 114
1558602806.077707, 115
1558602806.096133, 115
1558602806.111843, 116
1558602806.127657, 116
1558602806.142820, 114
1558602806.158180, 114
1558602806.173740, 115
1558602806.190118, 116
1558602806.205000, 115
1558602806.219981, 114
1558602806.236139, 116
1558602806.252114, 114
1558602806.267376, 114
1558602806.282056, 115
1558602806.297607, 115
1558602806.312856, 116
1558602806.328417, 116
1558602806.343517, 116
1558602806.358426, 115
1558602806.373775, 115
1558602806.389163, 116
1558602806.405348, 115
1558602806.420233, 115
1558602806.435787, 116
1558602806.451454, 114
1558602806.466653, 115
1558602806.482410, 116
1558602806.498427, 115
1558602806.513889, 116
1558602806.529452, 116
1558602806.544591, 116
1558602806.559442, 114
1558602806.574888, 115
1558602806.589356, 115
1558602806.604704, 117
1558602806.620612, 117
1558602806.635850, 117
1558602806.650548, 115
1558602806.665602, 116
1558602806.681200, 116
1558602806.696561, 115
1558602806.712556, 116
1558602806.727820, 116
1558602806.743507, 116
1558602806.758471, 115
1558602806.773596, 115
1558602806.788996, 117
1558602806.804007, 116
1558602806.819208, 116
1558602806.834480, 116
1558602806.850003, 115
1558602806.865068, 115
1558602806.880008, 115
1558602806.896377, 117
1558602806.911292, 116
1558602806.926984, 117
1558602806.941882, 116
1558602806.956843, 116
1558602806.971973, 116
1558602806.986898, 117
1558602807.003561, 116
1558602807.019096, 117
1558602807.034429, 116
1558602807.049802, 116
1558602807.065278, 116
1558602807.080493, 116
1558602807.096085, 117
1558602807.112037, 116
1558602807.133172, 117
1558602807.154112, 115
1558602807.175926, 117
1558602807.196275, 116
1558602807.215998, 118
1558602807.236630, 117
1558602807.252111, 117
1558602807.266691, 117
1558602807.282598, 117
1558602807.298559, 117
1558602807.313408, 116
1558602807.328481, 118
1558602807.348283, 117
1558602807.368846, 117
1558602807.389350, 118
1558602807.409124, 117
1558602807.425956, 117
1558602807.441404, 117
1558602807.456504, 117
1558602807.472804, 117
1558602807.488232, 117
1558602807.502906, 117
1558602807.518186, 118
1558602807.533941, 118
1558602807.549724, 117
1558602807.565575, 116
1558602807.580565, 116
1558602807.595682, 117
1558602807.611132, 117
1558602807.626333, 118
1558602807.642728, 117
1558602807.662622, 116
1558602807.681530, 118
1558602807.696624, 118
1558602807.712942, 118
1558602807.728223, 117
1558602807.743601, 118
1558602807.759323, 118
1558602807.774539, 118
1558602807.789907, 117
1558602807.805767, 117
1558602807.820611, 118
1558602807.835513, 119
1558602807.850740, 118
1558602807.865323, 116
1558602807.880525, 117
1558602807.895040, 119
1558602807.910682, 118
1558602807.926215, 118
1558602807.942251, 118
1558602807.957486, 118
1558602807.972488, 117
1558602807.987081, 117
1558602808.001515, 118
1558602808.016110, 118
1558602808.030725, 118
1558602808.046107, 119
1558602808.062111, 119
1558602808.078572, 117
1558602808.094159, 119
1558602808.114440, 119
1558602808.128345, 118
1558602808.143091, 119
1558602808.158523, 119
1558602808.174220, 117
1558602808.188226, 117
1558602808.202364, 119
1558602808.216910, 119
1558602808.230717, 120
1558602808.244241, 118
1558602808.259153, 119
1558602808.273633, 118
1558602808.288409, 118
1558602808.304074, 119
1558602808.318910, 119
1558602808.333730, 120
1558602808.348264, 119
1558602808.362584, 120
1558602808.377879, 118
1558602808.392084, 118
1558602808.406705, 119
1558602808.421163, 119
1558602808.435273, 119
1558602808.450626, 119
1558602808.465062, 120
1558602808.478738, 119
1558602808.494022, 118
1558602808.509522, 119
1558602808.524922, 119
1558602808.539756, 119
1558602808.554801, 119
1558602808.569331, 120
1558602808.583851, 118
1558602808.599272, 119
1558602808.614077, 120
1558602808.629374, 119
1558602808.649849, 119
1558602808.665612, 120
1558602808.681046, 119
1558602808.695967, 120
1558602808.714801, 120
1558602808.734360, 120
1558602808.754727, 119
1558602808.770641, 121
1558602808.785136, 119
1558602808.800976, 119
1558602808.816595, 121
1558602808.832236, 120
1558602808.846996, 120
1558602808.862106, 119
1558602808.877532, 120
1558602808.892845, 119
1558602808.908367, 120
1558602808.923870, 120
1558602808.938240, 120
1558602808.953503, 120
1558602808.969952, 120
1558602808.985940, 119
1558602809.000948, 119
1558602809.017649, 121
1558602809.032958, 120
1558602809.048484, 120
1558602809.063336, 120
1558602809.082498, 120
1558602809.101391, 120
1558602809.120621, 120
1558602809.141383, 120
1558602809.162253, 120
1558602809.180764, 120
1558602809.196139, 119
1558602809.211487, 122
1558602809.226434, 121
1558602809.242935, 121
1558602809.257741, 121
1558602809.273360, 121
1558602809.288286, 119
1558602809.303597, 120
1558602809.318574, 121
1558602809.333704, 120
1558602809.348739, 121
1558602809.364174, 122
1558602809.382368, 121
1558602809.397589, 120
1558602809.413424, 121
1558602809.428734, 121
1558602809.444492, 120
1558602809.463250, 120
1558602809.482567, 120
1558602809.502956, 120
1558602809.522558, 121
1558602809.541220, 121
1558602809.555930, 121
1558602809.570860, 121
1558602809.586445, 122
1558602809.601600, 120
1558602809.617046, 122
1558602809.632469, 121
1558602809.647984, 121
1558602809.662710, 121
1558602809.678527, 121
1558602809.693860, 120
1558602809.709672, 119
1558602809.725338, 121
1558602809.744821, 121
1558602809.764099, 120
1558602809.783971, 122
1558602809.803615, 121
1558602809.823303, 121
1558602809.843935, 121
1558602809.863856, 122
1558602809.885661, 122
1558602809.905107, 122
1558602809.925374, 122
1558602809.944804, 121
1558602809.966156, 122
1558602809.984663, 122
1558602810.000177, 121
1558602810.016258, 121
1558602810.032221, 123
1558602810.047152, 121
1558602810.062484, 121
1558602810.077210, 122
1558602810.092662, 122
1558602810.107622, 121
1558602810.121945, 122
1558602810.136704, 122
1558602810.151677, 123
1558602810.167090, 123
1558602810.182565, 122
1558602810.197579, 122
1558602810.213367, 122
1558602810.228769, 121
1558602810.243573, 122
1558602810.257794, 121
1558602810.273522, 123
1558602810.288307, 123
1558602810.303065, 122
1558602810.317523, 122
1558602810.333392, 121
1558602810.349745, 122
1558602810.365187, 122
1558602810.380220, 123
1558602810.395709, 123
1558602810.410688, 123
1558602810.425549, 122
1558602810.441017, 123
1558602810.456781, 123
1558602810.472104, 123
1558602810.487634, 123
1558602810.502955, 123
1558602810.517674, 122
1558602810.534234, 121
1558602810.549208, 123
1558602810.564700, 123
1558602810.579950, 123
1558602810.594124, 122
1558602810.609811, 122
1558602810.625124, 122
1558602810.640253, 121
1558602810.654861, 123
1558602810.670214, 124
1558602810.685234, 123
1558602810.700367, 123
1558602810.716516, 123
1558602810.731660, 123
1558602810.746254, 121
1558602810.761322, 123
1558602810.776468, 123
1558602810.791532, 123
1558602810.806564, 124
1558602810.822590, 124
1558602810.838636, 123
1558602810.855029, 122
1558602810.870524, 124
1558602810.886450, 123
1558602810.902243, 124
1558602810.917076, 123
1558602810.932433, 122
1558602810.947462, 122
1558602810.961851, 123
1558602810.977014, 123
1558602810.992392, 125
1558602811.007745, 124
1558602811.022716, 124
1558602811.037701, 123
1558602811.054381, 123
1558602811.068854, 124
1558602811.083846, 123
1558602811.099346, 125
1558602811.114831, 125
1558602811.130266, 124
1558602811.144949, 123
1558602811.160154, 123
1558602811.175145, 124
1558602811.189957, 123
1558602811.205626, 124
1558602811.221008, 125
1558602811.236264, 124
1558602811.251704, 123
1558602811.267250, 123
1558602811.282600, 124
1558602811.297476, 125
1558602811.313410, 125
1558602811.328243, 124
1558602811.343535, 125
1558602811.358555, 124
1558602811.374740, 124
1558602811.389718, 124
1558602811.404963, 125
1558602811.419851, 124
1558602811.435415, 125
1558602811.451167, 124
1558602811.466548, 124
1558602811.482080, 124
1558602811.496872, 124
1558602811.512422, 123
1558602811.527777, 125
1558602811.543286, 125
1558602811.558194, 124
1558602811.572611, 125
1558602811.588288, 124
1558602811.603918, 126
1558602811.618211, 125
1558602811.633644, 125
1558602811.647916, 125
1558602811.663372, 124
1558602811.679260, 125
1558602811.694411, 125
1558602811.709280, 126
1558602811.724875, 125
1558602811.740228, 125
1558602811.755332, 125
1558602811.770652, 124
1558602811.785499, 125
1558602811.800702, 124
1558602811.816087, 126
1558602811.831194, 125
1558602811.846619, 125
1558602811.862003, 125
1558602811.879559, 126
1558602811.894472, 125
1558602811.909876, 125
1558602811.925193, 126
1558602811.944274, 125
1558602811.963167, 125
1558602811.982037, 126
1558602812.001428, 124
1558602812.021074, 126
1558602812.040562, 125
1558602812.060380, 124
1558602812.075528, 125
1558602812.091062, 125
1558602812.105730, 125
1558602812.122400, 125
1558602812.142076, 125
1558602812.157819, 125
1558602812.173418, 124
1558602812.188978, 126
1558602812.204756, 125
1558602812.219485, 126
1558602812.234577, 126
1558602812.250692, 127
1558602812.265797, 125
1558602812.280678, 125
1558602812.296181, 127
1558602812.313185, 127
1558602812.327946, 126
1558602812.342834, 126
1558602812.358509, 126
1558602812.377001, 126
1558602812.395356, 125
1558602812.414864, 126
1558602812.434057, 126
1558602812.453024, 125
1558602812.472222, 125
1558602812.490525, 126
1558602812.509624, 125
1558602812.527313, 126
1558602812.542573, 126
1558602812.557538, 126
1558602812.572334, 126
1558602812.587428, 126
1558602812.601625, 126
1558602812.616663, 126
1558602812.635090, 127
1558602812.653902, 126
1558602812.672907, 126
1558602812.694020, 127
1558602812.709747, 126
1558602812.724714, 126
1558602812.740624, 126
1558602812.755731, 125
1558602812.771605, 125
1558602812.790474, 126
1558602812.806427, 127
1558602812.821379, 126
1558602812.836279, 127
1558602812.851530, 127
1558602812.866767, 127
1558602812.882159, 126
1558602812.897801, 128
1558602812.913284, 127
1558602812.928440, 127
1558602812.944253, 126
1558602812.959350, 128
1558602812.974936, 126
1558602812.990326, 126
1558602813.005973, 127
1558602813.020650, 127
1558602813.035986, 127
1558602813.051711, 127
1558602813.066692, 127
1558602813.082112, 126
1558602813.097171, 127
1558602813.112239, 126
1558602813.126908, 127
1558602813.141676, 127
1558602813.157575, 127
1558602813.173053, 127
1558602813.189305, 127
1558602813.205054, 128
1558602813.221725, 128
1558602813.235982, 128
1558602813.251357, 126
1558602813.266452, 128
1558602813.282796, 126
1558602813.298361, 128
1558602813.312566, 127
1558602813.327027, 128
1558602813.342366, 127
1558602813.357890, 128
1558602813.372842, 127
1558602813.387873, 127
1558602813.403506, 127
1558602813.418097, 127
1558602813.433306, 128
1558602813.449217, 129
1558602813.464545, 128
1558602813.479354, 128
1558602813.494262, 129
1558602813.510187, 129
1558602813.530876, 127
1558602813.549238, 127
1558602813.565207, 129
1558602813.580268, 128
1558602813.595704, 127
1558602813.614223, 129
1558602813.632614, 128
1558602813.651181, 127
1558602813.669854, 128
1558602813.687802, 128
1558602813.706052, 128
1558602813.725014, 128
1558602813.744745, 128
1558602813.762081, 128
1558602813.781165, 127
1558602813.801155, 128
1558602813.820267, 128
1558602813.839361, 128
1558602813.857739, 127
1558602813.876888, 128
1558602813.896681, 128
1558602813.917060, 129
1558602813.937012, 129
1558602813.956415, 128
1558602813.976659, 129
1558602813.995958, 128
1558602814.014476, 128
1558602814.033859, 129
1558602814.053413, 128
1558602814.072692, 128
1558602814.091316, 130
1558602814.110254, 130
1558602814.130161, 129
1558602814.145718, 129
1558602814.161226, 130
1558602814.175903, 129
1558602814.190757, 128
1558602814.209695, 130
1558602814.229074, 129
1558602814.247773, 128
1558602814.267423, 129
1558602814.284019, 129
1558602814.299062, 129
1558602814.313680, 129
1558602814.328770, 129
1558602814.343932, 128
1558602814.359137, 128
1558602814.374248, 130
1558602814.389554, 129
1558602814.405586, 130
1558602814.421827, 129
1558602814.437223, 130
1558602814.452468, 129
1558602814.468261, 129
1558602814.485628, 129
1558602814.504323, 129
1558602814.522820, 130
1558602814.541711, 128
1558602814.558093, 130
1558602814.573368, 129
1558602814.587593, 129
1558602814.603372, 129
1558602814.618763, 130
1558602814.633760, 131
1558602814.648865, 130
1558602814.663633, 130
1558602814.678915, 130
1558602814.693546, 130
1558602814.708695, 130
1558602814.724320, 131
1558602814.739130, 131
1558602814.754213, 132
1558602814.769530, 131
1558602814.784475, 131
1558602814.799253, 132
1558602814.814484, 132
1558602814.829224, 131
1558602814.843271, 131
1558602814.858375, 131
1558602814.874150, 130
1558602814.889872, 130
1558602814.905400, 132
1558602814.921173, 130
1558602814.936526, 130
1558602814.951194, 130
1558602814.966136, 129
1558602814.981715, 130
1558602814.996397, 129
1558602815.011666, 129
1558602815.025858, 130
1558602815.040766, 131
1558602815.056290, 130
1558602815.070685, 131
1558602815.086600, 131
1558602815.101654, 130
1558602815.116916, 131
1558602815.131913, 131
1558602815.146911, 130
1558602815.161911, 130
1558602815.177053, 131
1558602815.192098, 132
1558602815.211683, 131
1558602815.230873, 130
1558602815.249889, 130
1558602815.268719, 130
1558602815.288877, 131
1558602815.308151, 130
1558602815.326500, 130
1558602815.345650, 132
1558602815.364884, 131
1558602815.383973, 131
1558602815.402636, 131
1558602815.422064, 131
1558602815.440780, 131
1558602815.459364, 131
1558602815.478018, 131
1558602815.497278, 131
1558602815.515996, 130
1558602815.531188, 131
1558602815.546418, 130
1558602815.561602, 131
1558602815.581019, 132
1558602815.601213, 131
1558602815.621641, 132
1558602815.641799, 131
1558602815.660664, 130
1558602815.678853, 131
1558602815.694357, 131
1558602815.709626, 131
1558602815.724303, 131
1558602815.742528, 132
1558602815.757904, 131
1558602815.779579, 132
1558602815.798522, 131
1558602815.818455, 131
1558602815.839517, 132
1558602815.859895, 132
1558602815.879831, 132
1558602815.899900, 133
1558602815.920171, 131
1558602815.939997, 132
1558602815.957685, 131
1558602815.977350, 131
1558602815.997002, 132
1558602816.015564, 133
1558602816.035543, 132
1558602816.054029, 132
1558602816.074718, 132
1558602816.093572, 132
1558602816.113469, 133
1558602816.132789, 133
1558602816.152372, 131
1558602816.171577, 132
1558602816.190733, 132
1558602816.208595, 132
1558602816.228590, 133
1558602816.247060, 132
1558602816.266581, 133
1558602816.286971, 133
1558602816.308579, 132
1558602816.323381, 132
1558602816.342485, 133
1558602816.357291, 132
1558602816.372563, 133
1558602816.388294, 133
1558602816.402989, 133
1558602816.417973, 131
1558602816.433655, 132
1558602816.449026, 132
1558602816.463946, 132
1558602816.479239, 132
1558602816.494927, 132
1558602816.513849, 133
1558602816.533926, 133
1558602816.552705, 133
1558602816.571545, 132
1558602816.590371, 133
1558602816.611770, 132
1558602816.630144, 132
1558602816.649110, 134
1558602816.668494, 134
1558602816.687803, 133
1558602816.706092, 133
1558602816.724515, 133
1558602816.743144, 133
1558602816.761537, 134
1558602816.780910, 134
1558602816.800763, 133
1558602816.819941, 134
1558602816.839337, 133
1558602816.854374, 133
1558602816.869282, 133
1558602816.884456, 133
1558602816.899620, 133
1558602816.914443, 133
1558602816.929435, 133
1558602816.944776, 133
1558602816.959788, 133
1558602816.974873, 133
1558602816.990747, 133
1558602817.005784, 133
1558602817.020681, 134
1558602817.035603, 134
1558602817.051496, 134
1558602817.066805, 133
1558602817.082173, 134
1558602817.097839, 133
1558602817.112941, 133
1558602817.127621, 133
1558602817.142512, 134
1558602817.158470, 134
1558602817.173444, 133
1558602817.189387, 132
1558602817.205045, 134
1558602817.220440, 135
1558602817.236074, 133
1558602817.251259, 134
1558602817.266256, 134
1558602817.280829, 133
1558602817.296085, 134
1558602817.312192, 134
1558602817.327289, 135
1558602817.342671, 134
1558602817.357874, 135
1558602817.372802, 134
1558602817.387934, 134
1558602817.403320, 134
1558602817.418709, 135
1558602817.434199, 134
1558602817.449572, 134
1558602817.465599, 134
1558602817.485753, 134
1558602817.504834, 134
1558602817.524436, 134
1558602817.543563, 134
1558602817.563631, 134
1558602817.581997, 135
1558602817.601573, 134
1558602817.616144, 134
1558602817.631161, 134
1558602817.649400, 134
1558602817.668136, 133
1558602817.686210, 134
1558602817.704206, 135
1558602817.724211, 134
1558602817.743214, 135
1558602817.761753, 134
1558602817.781617, 134
1558602817.800092, 135
1558602817.818928, 136
1558602817.838573, 135
1558602817.858004, 135
1558602817.873461, 135
1558602817.888204, 134
1558602817.903486, 134
1558602817.922355, 135
1558602817.940488, 135
1558602817.960219, 135
1558602817.978647, 135
1558602817.999083, 135
1558602818.018487, 136
1558602818.037925, 135
1558602818.057398, 135
1558602818.076148, 135
1558602818.096208, 135
1558602818.115449, 136
1558602818.134126, 135
1558602818.152962, 135
1558602818.171498, 136
1558602818.190584, 135
1558602818.208625, 135
1558602818.228684, 136
1558602818.248063, 136
1558602818.267146, 135
1558602818.289234, 135
1558602818.309203, 136
1558602818.329882, 137
1558602818.349219, 136
1558602818.367129, 136
1558602818.386397, 136
1558602818.404972, 136
1558602818.424701, 137
1558602818.443572, 135
1558602818.462626, 135
1558602818.482623, 135
1558602818.498414, 136
1558602818.512303, 135
1558602818.526156, 137
1558602818.541346, 136
1558602818.555542, 136
1558602818.569043, 135
1558602818.583406, 135
1558602818.597452, 135
1558602818.611102, 137
1558602818.625233, 137
1558602818.639699, 136
1558602818.654784, 136
1558602818.669727, 137
1558602818.685709, 136
1558602818.699805, 136
1558602818.714327, 136
1558602818.728292, 138
1558602818.743000, 137
1558602818.757502, 137
1558602818.771841, 136
1558602818.786436, 137
1558602818.800791, 136
1558602818.815739, 136
1558602818.830658, 138
1558602818.845241, 136
1558602818.860910, 136
1558602818.875515, 137
1558602818.890371, 136
1558602818.906061, 137
1558602818.921098, 136
1558602818.936448, 137
1558602818.955884, 136
1558602818.975201, 136
1558602818.995307, 137
1558602819.014482, 136
1558602819.033062, 139
1558602819.051935, 136
1558602819.072066, 137
1558602819.092305, 137
1558602819.111838, 137
1558602819.130271, 137
1558602819.148186, 137
1558602819.166932, 136
1558602819.182367, 136
1558602819.197915, 137
1558602819.212914, 137
1558602819.228453, 138
1558602819.243941, 137
1558602819.258881, 137
1558602819.273466, 137
1558602819.292658, 137
1558602819.312282, 137
1558602819.328131, 137
1558602819.343488, 138
1558602819.363029, 137
1558602819.381741, 137
1558602819.401917, 138
1558602819.419184, 136
1558602819.433892, 138
1558602819.448011, 137
1558602819.463543, 138
1558602819.478700, 136
1558602819.494081, 138
1558602819.509831, 138
1558602819.525486, 137
1558602819.540650, 139
1558602819.555885, 137
1558602819.571270, 137
1558602819.586652, 137
1558602819.601963, 137
1558602819.617633, 138
1558602819.632742, 138
1558602819.648054, 139
1558602819.662948, 137
1558602819.678031, 137
1558602819.693333, 137
1558602819.708252, 138
1558602819.722573, 137
1558602819.738491, 138
1558602819.752954, 138
1558602819.768100, 138
1558602819.786745, 137
1558602819.811287, 137
1558602819.830389, 138
1558602819.850526, 138
1558602819.870187, 137
1558602819.890192, 138
1558602819.910955, 138
1558602819.929769, 138
1558602819.945171, 140
1558602819.960519, 138
1558602819.979582, 138
1558602819.998958, 139
1558602820.019306, 138
1558602820.038913, 140
1558602820.059479, 139
1558602820.078900, 138
1558602820.097638, 139
1558602820.116496, 138
1558602820.135053, 138
1558602820.153172, 138
1558602820.171781, 138
1558602820.191849, 139
1558602820.211370, 138
1558602820.229929, 139
1558602820.245401, 139
1558602820.260328, 139
1558602820.275564, 138
1558602820.291142, 138
1558602820.306698, 138
1558602820.321849, 138
1558602820.338745, 140
1558602820.354071, 140
1558602820.368920, 139
1558602820.384657, 138
1558602820.400036, 138
1558602820.415267, 138
1558602820.430032, 139
1558602820.445615, 140
1558602820.460824, 139
1558602820.476380, 138
1558602820.491357, 138
1558602820.506648, 139
1558602820.521671, 139
1558602820.537070, 139
1558602820.552276, 139
1558602820.568194, 139
1558602820.586907, 139
1558602820.602212, 138
1558602820.617327, 139
1558602820.631641, 139
1558602820.646915, 140
1558602820.661727, 140
1558602820.677032, 139
1558602820.692316, 139
1558602820.707541, 139
1558602820.722417, 139
1558602820.737590, 139
1558602820.755668, 141
1558602820.775149, 139
1558602820.793890, 140
1558602820.813766, 139
1558602820.832226, 139
1558602820.852618, 140
1558602820.872300, 140
1558602820.892699, 139
1558602820.912194, 139
1558602820.927663, 139
1558602820.943024, 140
1558602820.957891, 141
1558602820.977278, 140
1558602820.993966, 140
1558602821.013148, 140
1558602821.031624, 139
1558602821.049950, 141
1558602821.069269, 140
1558602821.088359, 140
1558602821.106225, 140
1558602821.126203, 140
1558602821.145875, 141
1558602821.163735, 140
1558602821.182493, 139
1558602821.201341, 139
1558602821.220756, 139
1558602821.240444, 140
1558602821.260162, 140
1558602821.277005, 140
1558602821.292960, 140
1558602821.309054, 141
1558602821.324104, 140
1558602821.340608, 140
1558602821.355549, 141
1558602821.371508, 141
1558602821.385931, 140
1558602821.401354, 141
1558602821.416393, 140
1558602821.431555, 140
1558602821.450756, 142
1558602821.470525, 141
1558602821.486358, 140
1558602821.501691, 141
1558602821.517013, 141
1558602821.532170, 141
1558602821.547082, 140
1558602821.561817, 142
1558602821.577019, 140
1558602821.592299, 140
1558602821.607245, 140
1558602821.622203, 140
1558602821.637432, 140
1558602821.652253, 143
1558602821.667014, 141
1558602821.681816, 140
1558602821.696842, 140
1558602821.711742, 141
1558602821.726697, 141
1558602821.742493, 141
1558602821.757596, 143
1558602821.772672, 141
1558602821.788098, 140
1558602821.803245, 140
1558602821.817798, 141
1558602821.832850, 141
1558602821.848614, 140
1558602821.863745, 141
1558602821.879391, 141
1558602821.898798, 140
1558602821.918628, 141
1558602821.939319, 140
1558602821.958755, 142
1558602821.978403, 141
1558602821.997246, 141
1558602822.016492, 141
1558602822.036425, 141
1558602822.054812, 142
1558602822.073726, 143
1558602822.092258, 141
1558602822.111864, 141
1558602822.131645, 141
1558602822.151548, 142
1558602822.170206, 143
1558602822.190063, 142
1558602822.208751, 142
1558602822.228326, 141
1558602822.247371, 141
1558602822.267253, 142
1558602822.285778, 142
1558602822.305218, 141
1558602822.321074, 140
1558602822.335903, 142
1558602822.351834, 142
1558602822.367760, 143
1558602822.383321, 142
1558602822.397841, 141
1558602822.413303, 142
1558602822.428324, 141
1558602822.443652, 142
1558602822.458777, 142
1558602822.473927, 143
1558602822.489476, 141
1558602822.508390, 141
1558602822.528077, 142
1558602822.546271, 141
1558602822.561843, 142
1558602822.577129, 143
1558602822.592555, 141
1558602822.607982, 142
1558602822.623518, 142
1558602822.638005, 142
1558602822.653378, 142
1558602822.668249, 142
1558602822.683704, 143
1558602822.698873, 142
1558602822.714275, 143
1558602822.729264, 143
1558602822.744225, 142
1558602822.759376, 144
1558602822.774963, 143
1558602822.790179, 143
1558602822.805311, 142
1558602822.820390, 143
1558602822.835762, 142
1558602822.851992, 141
1558602822.867183, 143
1558602822.881950, 143
1558602822.897585, 143
1558602822.912488, 142
1558602822.927616, 143
1558602822.942779, 141
1558602822.958557, 143
1558602822.973539, 142
1558602822.988616, 143
1558602823.003775, 142
1558602823.018227, 143
1558602823.033829, 142
1558602823.049081, 142
1558602823.065356, 144
1558602823.080273, 144
1558602823.095194, 142
1558602823.110684, 143
1558602823.125785, 142
1558602823.140715, 143
1558602823.156004, 143
1558602823.171248, 144
1558602823.186737, 143
1558602823.205004, 143
1558602823.223630, 143
1558602823.242447, 142
1558602823.262021, 143
1558602823.283164, 144
1558602823.302886, 142
1558602823.323500, 142
1558602823.344004, 142
1558602823.364622, 145
1558602823.384712, 144
1558602823.402841, 143
1558602823.420554, 143
1558602823.439668, 144
1558602823.458168, 143
1558602823.477058, 145
1558602823.496317, 143
1558602823.516239, 142
1558602823.536449, 144
1558602823.555249, 143
1558602823.574613, 144
1558602823.594200, 143
1558602823.614789, 143
1558602823.633357, 144
1558602823.651854, 144
1558602823.667606, 144
1558602823.683100, 144
1558602823.700933, 143
1558602823.720965, 144
1558602823.740181, 144
1558602823.758717, 143
1558602823.777633, 145
1558602823.796279, 143
1558602823.811652, 144
1558602823.826087, 144
1558602823.841613, 144
1558602823.861035, 143
1558602823.880244, 146
1558602823.899651, 144
1558602823.920511, 143
1558602823.938480, 144
1558602823.957922, 144
1558602823.977269, 144
1558602823.995341, 144
1558602824.013770, 143
1558602824.032643, 143
1558602824.052587, 144
1558602824.067925, 145
1558602824.083537, 146
1558602824.099012, 146
1558602824.113642, 144
1558602824.133300, 144
1558602824.152381, 144
1558602824.171226, 144
1558602824.189752, 146
1558602824.209739, 144
1558602824.229585, 145
1558602824.247799, 145
1558602824.266936, 145
1558602824.287351, 146
1558602824.307212, 145
1558602824.326475, 144
1558602824.341934, 145
1558602824.356886, 144
1558602824.372183, 146
1558602824.387161, 145
1558602824.402272, 145
1558602824.417270, 145
1558602824.432884, 145
1558602824.448219, 145
1558602824.467990, 146
1558602824.487695, 146
1558602824.507199, 145
1558602824.525901, 144
1558602824.544147, 145
1558602824.566020, 145
1558602824.582137, 145
1558602824.598550, 146
1558602824.614923, 144
1558602824.630764, 144
1558602824.645100, 146
1558602824.659744, 145
1558602824.674462, 145
1558602824.690136, 146
1558602824.705615, 145
1558602824.721074, 145
1558602824.736165, 145
1558602824.752050, 146
1558602824.767454, 145
1558602824.782471, 146
1558602824.798352, 147
1558602824.814805, 145
1558602824.830028, 145
1558602824.845847, 145
1558602824.861124, 146
1558602824.876337, 146
1558602824.891036, 146
1558602824.906081, 147
1558602824.922476, 145
1558602824.937519, 144
1558602824.953142, 145
1558602824.968210, 146
1558602824.983442, 146
1558602825.002463, 147
1558602825.022816, 145
1558602825.041972, 145
1558602825.061118, 145
1558602825.080616, 147
1558602825.099529, 146
1558602825.119390, 146
1558602825.139915, 146
1558602825.159327, 146
1558602825.180014, 148
1558602825.197120, 147
1558602825.212313, 147
1558602825.227149, 146
1558602825.243202, 147
1558602825.258203, 146
1558602825.273222, 145
1558602825.288124, 147
1558602825.303439, 147
1558602825.318788, 146
1558602825.334233, 145
1558602825.349754, 147
1558602825.364688, 146
1558602825.379844, 147
1558602825.395378, 146
1558602825.411001, 147
1558602825.425680, 146
1558602825.440504, 145
1558602825.455642, 146
1558602825.470532, 147
1558602825.485792, 147
1558602825.501034, 148
1558602825.516574, 147
1558602825.532258, 146
1558602825.546818, 146
1558602825.562429, 146
1558602825.577472, 147
1558602825.593093, 146
1558602825.608687, 147
1558602825.624412, 147
1558602825.639561, 146
1558602825.654627, 146
1558602825.669896, 147
1558602825.685170, 147
1558602825.700988, 146
1558602825.716322, 146
1558602825.732090, 147
1558602825.746687, 146
1558602825.761669, 146
1558602825.777266, 145
1558602825.793000, 148
1558602825.808388, 147
1558602825.823163, 146
1558602825.838744, 148
1558602825.853860, 147
1558602825.869867, 145
1558602825.884787, 147
1558602825.899471, 148
1558602825.914381, 147
1558602825.929272, 146
1558602825.945199, 147
1558602825.959985, 148
1558602825.976532, 146
1558602825.991695, 147
1558602826.006540, 149
1558602826.022730, 147
1558602826.037836, 147
1558602826.054175, 148
1558602826.069174, 146
1558602826.084197, 148
1558602826.099444, 147
1558602826.115635, 149
1558602826.131231, 147
1558602826.147764, 146
1558602826.162199, 148
1558602826.179158, 147
1558602826.194495, 149
1558602826.209004, 148
1558602826.224552, 147
1558602826.239600, 147
1558602826.254519, 148
1558602826.273360, 147
1558602826.293610, 148
1558602826.314724, 148
1558602826.334522, 148
1558602826.355307, 148
1558602826.375034, 149
1558602826.396838, 149
1558602826.417316, 150
1558602826.437347, 149
1558602826.456482, 148
1558602826.474854, 149
1558602826.493952, 149
1558602826.512602, 149
1558602826.532867, 149
1558602826.551281, 149
1558602826.571010, 147
1558602826.590525, 149
1558602826.609295, 150
1558602826.628945, 149
1558602826.650461, 149
1558602826.665104, 148
1558602826.680342, 147
1558602826.695172, 149
1558602826.715616, 150
1558602826.735786, 147
1558602826.755256, 149
1558602826.778361, 148
1558602826.796042, 148
1558602826.816607, 149
1558602826.836103, 148
1558602826.855035, 147
1558602826.873690, 148
1558602826.892335, 149
1558602826.911827, 149
1558602826.931377, 149
1558602826.950819, 148
1558602826.966187, 148
1558602826.981409, 148
1558602826.996409, 149
1558602827.011700, 148
1558602827.026635, 148
1558602827.041905, 148
1558602827.057354, 148
1558602827.073051, 149
1558602827.087953, 149
1558602827.102524, 149
1558602827.117664, 149
1558602827.132609, 150
1558602827.148213, 149
1558602827.163471, 148
1558602827.177478, 148
1558602827.193209, 149
1558602827.208610, 150
1558602827.229818, 150
1558602827.249049, 149
1558602827.269345, 147
1558602827.288714, 150
1558602827.308562, 149
1558602827.326525, 149
1558602827.341674, 149
1558602827.357255, 149
1558602827.372637, 149
1558602827.387642, 148
1558602827.403404, 149
1558602827.418828, 149
1558602827.434139, 148
1558602827.449877, 147
1558602827.466156, 149
1558602827.481456, 149
1558602827.496757, 149
1558602827.512121, 148
1558602827.527270, 149
1558602827.542707, 148
1558602827.558362, 148
1558602827.573547, 147
1558602827.589355, 148
1558602827.604262, 149
1558602827.618248, 148
1558602827.633835, 149
1558602827.648451, 148
1558602827.663342, 148
1558602827.678171, 147
1558602827.693586, 150
1558602827.708718, 149
1558602827.723998, 148
1558602827.739071, 149
1558602827.754560, 149
1558602827.770206, 148
1558602827.784974, 148
1558602827.800313, 149
1558602827.814725, 149
1558602827.829665, 150
1558602827.849142, 148
1558602827.870561, 146
1558602827.889244, 148
1558602827.908550, 149
1558602827.928570, 148
1558602827.945741, 148
1558602827.961811, 148
1558602827.977296, 147
1558602827.991348, 147
1558602828.007142, 147
1558602828.022890, 147
1558602828.037818, 147
1558602828.052114, 147
1558602828.067409, 146
1558602828.082779, 147
1558602828.098740, 146
1558602828.114373, 146
1558602828.128823, 144
1558602828.144312, 136
1558602828.159793, 131
1558602828.174719, 125
1558602828.189665, 119
1558602828.204745, 114
1558602828.218869, 107
1558602828.233961, 99
1558602828.250049, 93
1558602828.265313, 88
1558602828.280643, 82
1558602828.296561, 74
1558602828.312473, 72
1558602828.327191, 71
1558602828.342555, 73
1558602828.358618, 73
1558602828.373278, 71
1558602828.388609, 72
1558602828.403644, 72
1558602828.419538, 72
1558602828.434394, 72
1558602828.450238, 73
1558602828.466200, 71
1558602828.482063, 71
1558602828.497652, 73
1558602828.512668, 73
1558602828.528323, 74
1558602828.543727, 73
1558602828.558686, 72
1558602828.573666, 72
1558602828.588443, 71
1558602828.603970, 72
1558602828.618512, 73
1558602828.634217, 73
1558602828.650055, 73
1558602828.664364, 71
1558602828.680367, 73
1558602828.695453, 71
1558602828.710601, 73
1558602828.728997, 73
1558602828.747134, 73
1558602828.766726, 73
1558602828.785302, 73
1558602828.799979, 71
1558602828.814679, 74
1558602828.834698, 74
1558602828.852833, 73
1558602828.867504, 72
1558602828.882092, 72
1558602828.896639, 72
1558602828.911269, 75
1558602828.925587, 74
1558602828.939816, 74
1558602828.954118, 75
1558602828.968182, 75
1558602828.983093, 73
1558602828.997337, 73
1558602829.011518, 75
1558602829.026059, 74
1558602829.040688, 73
1558602829.054804, 74
1558602829.068957, 75
1558602829.083544, 73
1558602829.098228, 74
1558602829.112878, 74
1558602829.127483, 74
1558602829.142227, 74
1558602829.156776, 74
1558602829.170953, 74
1558602829.186042, 73
1558602829.200861, 74
1558602829.215088, 73
1558602829.230491, 74
1558602829.245081, 74
1558602829.260578, 74
1558602829.275996, 76
1558602829.291114, 74
1558602829.306563, 75
1558602829.321486, 75
1558602829.336711, 76
1558602829.351677, 75
1558602829.367039, 75
1558602829.383535, 73
1558602829.398885, 74
1558602829.413280, 75
1558602829.428978, 74
1558602829.448275, 75
1558602829.466623, 76
1558602829.486191, 74
1558602829.505665, 75
1558602829.524464, 75
1558602829.543993, 75
1558602829.563055, 75
1558602829.581691, 74
1558602829.601052, 75
1558602829.621628, 75
1558602829.641427, 76
1558602829.661087, 77
1558602829.676219, 76
1558602829.691040, 75
1558602829.706699, 76
1558602829.722666, 77
1558602829.737721, 76
1558602829.753341, 76
1558602829.768842, 76
1558602829.783785, 75
1558602829.799232, 74
1558602829.813866, 75
1558602829.828503, 77
1558602829.843240, 77
1558602829.857664, 77
1558602829.872490, 76
1558602829.890231, 76
1558602829.905686, 76
1558602829.920333, 77
1558602829.944921, 76
1558602829.960067, 76
1558602829.975163, 77
1558602829.990895, 76
1558602830.005770, 76
1558602830.022495, 77
1558602830.037792, 79
1558602830.052997, 78
1558602830.068567, 77
1558602830.084152, 77
1558602830.098948, 77
1558602830.114151, 77
1558602830.129100, 77
1558602830.143585, 77
1558602830.159197, 77
1558602830.174052, 77
1558602830.189724, 76
1558602830.204982, 77
1558602830.219305, 77
1558602830.234909, 78
1558602830.255088, 78
1558602830.274126, 77
1558602830.292718, 77
1558602830.313917, 76
1558602830.329209, 77
1558602830.344353, 77
1558602830.359500, 77
1558602830.373916, 77
1558602830.388795, 77
1558602830.404486, 76
1558602830.425303, 79
1558602830.445875, 77
1558602830.464053, 77
1558602830.483265, 78
1558602830.502879, 77
1558602830.521044, 77
1558602830.540260, 78
1558602830.559893, 77
1558602830.580291, 78
1558602830.599854, 78
1558602830.619555, 77
1558602830.639188, 79
1558602830.658211, 78
1558602830.676152, 78
1558602830.691627, 79
1558602830.706941, 78
1558