1558601436.911920, 0
1558601436.926452, 0
1558601436.940642, 2
1558601436.958308, 0
1558601436.972747, 2
1558601436.986760, 6
1558601437.003182, 7
1558601437.020914, 10
1558601437.036000, 9
1558601437.051011, 9
1558601437.068676, 9
1558601437.087250, 10
1558601437.107208, 7
1558601437.122195, 10
1558601437.137964, 8
1558601437.152789, 10
1558601437.168444, 8
1558601437.183629, 6
1558601437.198082, 6
1558601437.213223, 4
1558601437.228970, 3
1558601437.244401, 2
1558601437.258631, 2
1558601437.275809, 2
1558601437.289891, 2
1558601437.306014, 2
1558601437.321519, 4
1558601437.343098, 4
1558601437.363075, 5
1558601437.382417, 4
1558601437.397745, 5
1558601437.413684, 6
1558601437.428688, 5
1558601437.444457, 6
1558601437.459607, 6
1558601437.474569, 7
1558601437.490455, 7
1558601437.505513, 7
1558601437.519505, 6
1558601437.534641, 9
1558601437.550399, 7
1558601437.566100, 7
1558601437.580971, 8
1558601437.596763, 9
1558601437.612134, 8
1558601437.626387, 9
1558601437.641946, 9
1558601437.657832, 8
1558601437.673624, 8
1558601437.688960, 9
1558601437.705123, 7
1558601437.720459, 3
1558601437.735922, 1
1558601437.750682, 3
1558601437.766847, 2
1558601437.781998, 2
1558601437.797282, 2
1558601437.812490, 2
1558601437.827319, 2
1558601437.841498, 5
1558601437.856173, 3
1558601437.878747, 4
1558601437.899433, 5
1558601437.919654, 5
1558601437.940099, 6
1558601437.957270, 5
1558601437.972585, 5
1558601437.987747, 7
1558601438.003704, 8
1558601438.018601, 6
1558601438.033960, 7
1558601438.049929, 9
1558601438.065216, 7
1558601438.079945, 8
1558601438.095485, 9
1558601438.110816, 8
1558601438.126563, 9
1558601438.141307, 9
1558601438.156690, 8
1558601438.171350, 9
1558601438.185811, 8
1558601438.199640, 9
1558601438.214029, 10
1558601438.228717, 9
1558601438.243595, 9
1558601438.258456, 10
1558601438.271805, 10
1558601438.286142, 10
1558601438.302605, 10
1558601438.318033, 7
1558601438.333257, 2
1558601438.349122, 3
1558601438.365589, 4
1558601438.380699, 3
1558601438.395534, 3
1558601438.413648, 3
1558601438.428950, 5
1558601438.444166, 5
1558601438.459664, 5
1558601438.476540, 5
1558601438.491674, 5
1558601438.506079, 5
1558601438.519838, 5
1558601438.534754, 8
1558601438.555800, 6
1558601438.570980, 6
1558601438.586394, 7
1558601438.601938, 7
1558601438.617766, 6
1558601438.632438, 8
1558601438.647169, 7
1558601438.661046, 8
1558601438.678059, 7
1558601438.693514, 8
1558601438.709073, 9
1558601438.724255, 8
1558601438.738672, 9
1558601438.753155, 9
1558601438.769113, 9
1558601438.785434, 8
1558601438.799425, 9
1558601438.814329, 3
1558601438.828666, 3
1558601438.843186, 3
1558601438.857243, 2
1558601438.871243, 2
1558601438.885046, 2
1558601438.899010, 2
1558601438.913559, 4
1558601438.927784, 4
1558601438.942021, 5
1558601438.956688, 4
1558601438.971269, 4
1558601438.985540, 5
1558601439.000321, 5
1558601439.015308, 5
1558601439.030162, 6
1558601439.045201, 7
1558601439.059512, 5
1558601439.082680, 6
1558601439.097106, 7
1558601439.111667, 6
1558601439.130173, 8
1558601439.148048, 8
1558601439.162204, 6
1558601439.177888, 8
1558601439.197443, 8
1558601439.213024, 7
1558601439.227834, 8
1558601439.244903, 9
1558601439.263377, 9
1558601439.280406, 10
1558601439.297136, 9
1558601439.314498, 10
1558601439.331929, 10
1558601439.346088, 10
1558601439.361595, 9
1558601439.376711, 10
1558601439.390405, 10
1558601439.404379, 10
1558601439.420021, 3
1558601439.435185, 3
1558601439.450947, 3
1558601439.465082, 3
1558601439.479602, 3
1558601439.495701, 4
1558601439.512357, 3
1558601439.527832, 4
1558601439.542654, 4
1558601439.559332, 5
1558601439.574487, 6
1558601439.588529, 5
1558601439.602709, 5
1558601439.617979, 6
1558601439.633128, 6
1558601439.648387, 6
1558601439.664978, 8
1558601439.680221, 6
1558601439.694594, 7
1558601439.710664, 8
1558601439.727809, 8
1558601439.743744, 7
1558601439.758413, 8
1558601439.775068, 7
1558601439.790589, 9
1558601439.805861, 9
1558601439.821155, 10
1558601439.836538, 8
1558601439.850837, 9
1558601439.866891, 9
1558601439.882424, 7
1558601439.897969, 6
1558601439.913042, 3
1558601439.927081, 1
1558601439.941810, 3
1558601439.958413, 3
1558601439.973178, 3
1558601439.988374, 3
1558601440.004777, 3
1558601440.019711, 3
1558601440.034881, 3
1558601440.049791, 3
1558601440.065966, 6
1558601440.080387, 4
1558601440.095705, 5
1558601440.112068, 5
1558601440.127107, 6
1558601440.141738, 5
1558601440.156543, 7
1558601440.172837, 7
1558601440.188055, 7
1558601440.203756, 7
1558601440.219244, 6
1558601440.234529, 7
1558601440.248887, 7
1558601440.263543, 9
1558601440.278728, 7
1558601440.294246, 9
1558601440.310822, 9
1558601440.326339, 8
1558601440.341855, 8
1558601440.357313, 9
1558601440.372959, 8
1558601440.388611, 9
1558601440.404461, 8
1558601440.419529, 8
1558601440.435661, 2
1558601440.449899, 2
1558601440.464454, 4
1558601440.480292, 2
1558601440.495835, 2
1558601440.510710, 2
1558601440.526760, 3
1558601440.542203, 3
1558601440.557365, 3
1558601440.572884, 5
1558601440.587900, 4
1558601440.603223, 5
1558601440.617977, 5
1558601440.632550, 6
1558601440.648234, 5
1558601440.663121, 6
1558601440.678417, 7
1558601440.695492, 6
1558601440.710861, 7
1558601440.730467, 8
1558601440.749216, 7
1558601440.769115, 8
1558601440.788548, 9
1558601440.808050, 8
1558601440.827906, 9
1558601440.842816, 8
1558601440.857851, 8
1558601440.872907, 9
1558601440.888140, 8
1558601440.903866, 9
1558601440.918785, 9
1558601440.934466, 8
1558601440.950013, 5
1558601440.965582, 3
1558601440.980831, 3
1558601440.995412, 2
1558601441.014742, 2
1558601441.034612, 2
1558601441.054433, 4
1558601441.069015, 5
1558601441.084001, 4
1558601441.099741, 5
1558601441.115476, 4
1558601441.130078, 5
1558601441.144806, 4
1558601441.160229, 6
1558601441.179045, 7
1558601441.198147, 6
1558601441.220794, 7
1558601441.239291, 6
1558601441.258821, 8
1558601441.276826, 8
1558601441.296862, 7
1558601441.316648, 8
1558601441.337138, 9
1558601441.356850, 8
1558601441.376899, 10
1558601441.396761, 8
1558601441.416026, 7
1558601441.430798, 8
1558601441.445148, 4
1558601441.459708, 2
1558601441.474051, 2
1558601441.489660, 3
1558601441.504172, 2
1558601441.520210, 3
1558601441.540602, 3
1558601441.561084, 2
1558601441.576834, 4
1558601441.591496, 4
1558601441.607059, 4
1558601441.622566, 5
1558601441.638517, 4
1558601441.656035, 5
1558601441.678200, 7
1558601441.698669, 6
1558601441.716832, 6
1558601441.731452, 6
1558601441.747127, 6
1558601441.762800, 7
1558601441.779527, 9
1558601441.794161, 8
1558601441.809378, 7
1558601441.824160, 9
1558601441.842938, 8
1558601441.858246, 8
1558601441.873558, 9
1558601441.889169, 8
1558601441.904159, 9
1558601441.919127, 8
1558601441.935306, 10
1558601441.951017, 9
1558601441.967335, 9
1558601441.981749, 9
1558601441.996504, 10
1558601442.012145, 9
1558601442.027653, 10
1558601442.042609, 10
1558601442.057384, 8
1558601442.071259, 3
1558601442.086502, 3
1558601442.102766, 2
1558601442.117915, 3
1558601442.132687, 3
1558601442.146713, 4
1558601442.162258, 4
1558601442.178872, 5
1558601442.194607, 6
1558601442.212480, 4
1558601442.227671, 6
1558601442.243651, 4
1558601442.258706, 5
1558601442.274423, 6
1558601442.290202, 7
1558601442.305154, 6
1558601442.319846, 6
1558601442.335515, 7
1558601442.350616, 7
1558601442.366431, 8
1558601442.380732, 8
1558601442.396409, 7
1558601442.419665, 7
1558601442.441521, 8
1558601442.456818, 8
1558601442.471056, 8
1558601442.485483, 9
1558601442.501392, 9
1558601442.516253, 8
1558601442.531350, 8
1558601442.547044, 6
1558601442.563050, 1
1558601442.578037, 2
1558601442.592164, 2
1558601442.610862, 3
1558601442.624892, 3
1558601442.640208, 2
1558601442.657221, 3
1558601442.674640, 3
1558601442.690723, 5
1558601442.708717, 4
1558601442.724790, 4
1558601442.739678, 4
1558601442.754629, 6
1558601442.770196, 6
1558601442.785005, 7
1558601442.799286, 6
1558601442.814841, 7
1558601442.833124, 7
1558601442.848753, 7
1558601442.864388, 7
1558601442.879951, 9
1558601442.895590, 8
1558601442.910751, 8
1558601442.926269, 9
1558601442.941247, 8
1558601442.955062, 8
1558601442.970941, 9
1558601442.986552, 9
1558601443.001891, 9
1558601443.017207, 7
1558601443.032035, 9
1558601443.046673, 5
1558601443.061360, 2
1558601443.076394, 3
1558601443.090761, 1
1558601443.105508, 3
1558601443.120564, 3
1558601443.135224, 2
1558601443.150539, 3
1558601443.166003, 3
1558601443.180853, 4
1558601443.195729, 5
1558601443.211757, 5
1558601443.226763, 5
1558601443.242248, 6
1558601443.257205, 5
1558601443.272731, 6
1558601443.287582, 7
1558601443.302423, 5
1558601443.317966, 7
1558601443.333516, 7
1558601443.348817, 7
1558601443.364539, 6
1558601443.379134, 7
1558601443.393424, 8
1558601443.408406, 7
1558601443.424016, 8
1558601443.439486, 8
1558601443.454566, 7
1558601443.469871, 8
1558601443.485710, 10
1558601443.500666, 9
1558601443.516643, 9
1558601443.537613, 8
1558601443.556742, 3
1558601443.575918, 4
1558601443.596186, 2
1558601443.616848, 2
1558601443.636470, 3
1558601443.652901, 3
1558601443.667812, 3
1558601443.682391, 4
1558601443.703029, 4
1558601443.723593, 4
1558601443.739216, 5
1558601443.754007, 4
1558601443.767868, 6
1558601443.782618, 6
1558601443.798510, 7
1558601443.813934, 7
1558601443.831638, 7
1558601443.850055, 7
1558601443.864309, 7
1558601443.879981, 8
1558601443.896070, 8
1558601443.912193, 8
1558601443.926721, 8
1558601443.941113, 9
1558601443.955166, 8
1558601443.969448, 8
1558601443.983383, 9
1558601443.997211, 9
1558601444.011558, 9
1558601444.026009, 9
1558601444.039921, 10
1558601444.054245, 8
1558601444.068523, 10
1558601444.082437, 10
1558601444.096411, 9
1558601444.110382, 10
1558601444.124961, 9
1558601444.138524, 9
1558601444.152223, 9
1558601444.167245, 2
1558601444.181010, 3
1558601444.194646, 3
1558601444.208736, 3
1558601444.222844, 2
1558601444.236514, 4
1558601444.250813, 3
1558601444.264871, 5
1558601444.278165, 4
1558601444.292362, 6
1558601444.306247, 5
1558601444.319617, 5
1558601444.333411, 5
1558601444.347883, 5
1558601444.362695, 6
1558601444.384372, 6
1558601444.400318, 8
1558601444.415889, 8
1558601444.432603, 6
1558601444.447600, 7
1558601444.461892, 6
1558601444.475601, 8
1558601444.491617, 8
1558601444.505790, 10
1558601444.519824, 8
1558601444.534621, 8
1558601444.549450, 8
1558601444.564793, 9
1558601444.579720, 9
1558601444.594974, 10
1558601444.610604, 8
1558601444.626267, 9
1558601444.643616, 10
1558601444.657869, 9
1558601444.673096, 8
1558601444.688266, 10
1558601444.704041, 10
1558601444.718697, 4
1558601444.734512, 2
1558601444.748825, 2
1558601444.764384, 1
1558601444.787722, 1
1558601444.812940, 2
1558601444.828816, 0
1558601444.846500, 2
1558601444.861154, 3
1558601444.876235, 2
1558601444.897394, 2
1558601444.919164, 3
1558601444.939753, 2
1558601444.958110, 2
1558601444.973542, 2
1558601444.988056, 2
1558601445.003525, 3
1558601445.017987, 3
1558601445.033178, 2
1558601445.048574, 3
1558601445.063780, 4
1558601445.078547, 4
1558601445.093535, 5
1558601445.108751, 6
1558601445.123516, 6
1558601445.139288, 5
1558601445.154263, 5
1558601445.169469, 6
1558601445.183826, 6
1558601445.198815, 8
1558601445.215474, 7
1558601445.235602, 7
1558601445.254749, 6
1558601445.272222, 8
1558601445.290496, 7
1558601445.309684, 8
1558601445.329306, 9
1558601445.349406, 9
1558601445.364821, 9
1558601445.380120, 9
1558601445.395681, 8
1558601445.411069, 10
1558601445.426587, 9
1558601445.441792, 9
1558601445.456697, 9
1558601445.472047, 9
1558601445.487088, 2
1558601445.501760, 3
1558601445.516932, 2
1558601445.533061, 3
1558601445.548745, 2
1558601445.563578, 4
1558601445.579523, 3
1558601445.594595, 3
1558601445.609578, 5
1558601445.625336, 4
1558601445.640592, 5
1558601445.655972, 4
1558601445.669952, 6
1558601445.686126, 5
1558601445.701191, 6
1558601445.716513, 7
1558601445.730834, 7
1558601445.746891, 7
1558601445.765293, 7
1558601445.780850, 8
1558601445.794730, 7
1558601445.812279, 8
1558601445.828274, 8
1558601445.844606, 8
1558601445.860987, 8
1558601445.877812, 8
1558601445.894939, 9
1558601445.911858, 10
1558601445.932228, 9
1558601445.951439, 10
1558601445.966661, 8
1558601445.981994, 9
1558601445.996939, 9
1558601446.012028, 9
1558601446.032289, 8
1558601446.049041, 8
1558601446.063451, 2
1558601446.078939, 3
1558601446.095386, 2
1558601446.111761, 3
1558601446.128375, 3
1558601446.144936, 3
1558601446.162122, 3
1558601446.178782, 4
1558601446.195450, 4
1558601446.212540, 6
1558601446.226849, 5
1558601446.246051, 5
1558601446.267119, 5
1558601446.286126, 6
1558601446.300883, 6
1558601446.314585, 7
1558601446.328251, 7
1558601446.342304, 5
1558601446.358454, 7
1558601446.373221, 7
1558601446.387985, 8
1558601446.402712, 7
1558601446.416728, 9
1558601446.431566, 9
1558601446.446743, 8
1558601446.462433, 8
1558601446.477936, 9
1558601446.493417, 10
1558601446.507827, 9
1558601446.522647, 8
1558601446.538055, 9
1558601446.553347, 9
1558601446.568255, 8
1558601446.583488, 2
1558601446.598718, 3
1558601446.614183, 2
1558601446.629632, 2
1558601446.644126, 2
1558601446.659462, 3
1558601446.674440, 3
1558601446.690175, 2
1558601446.705095, 4
1558601446.720414, 6
1558601446.735364, 4
1558601446.751002, 4
1558601446.766082, 5
1558601446.781414, 6
1558601446.796186, 5
1558601446.812605, 7
1558601446.827027, 7
1558601446.841938, 6
1558601446.857088, 7
1558601446.872671, 7
1558601446.887903, 8
1558601446.902656, 7
1558601446.917938, 8
1558601446.933641, 7
1558601446.948326, 8
1558601446.963261, 7
1558601446.982640, 8
1558601446.996852, 9
1558601447.011690, 9
1558601447.026981, 8
1558601447.042789, 9
1558601447.058493, 8
1558601447.073283, 8
1558601447.087271, 2
1558601447.102857, 2
1558601447.118212, 2
1558601447.135272, 3
1558601447.150638, 2
1558601447.166497, 3
1558601447.181764, 3
1558601447.196469, 4
1558601447.211802, 4
1558601447.226224, 4
1558601447.241829, 4
1558601447.257410, 4
1558601447.272643, 5
1558601447.287262, 5
1558601447.301786, 5
1558601447.316813, 6
1558601447.332136, 7
1558601447.347464, 6
1558601447.362649, 6
1558601447.376318, 7
1558601447.391372, 7
1558601447.406571, 8
1558601447.421707, 9
1558601447.436717, 8
1558601447.451282, 8
1558601447.466026, 8
1558601447.481961, 8
1558601447.497520, 8
1558601447.513440, 8
1558601447.528600, 9
1558601447.542978, 8
1558601447.558550, 9
1558601447.574162, 8
1558601447.588625, 8
1558601447.603772, 3
1558601447.618590, 4
1558601447.633624, 2
1558601447.648437, 3
1558601447.663678, 3
1558601447.678473, 3
1558601447.693919, 4
1558601447.709412, 3
1558601447.724715, 6
1558601447.740081, 3
1558601447.758413, 5
1558601447.778450, 5
1558601447.797630, 5
1558601447.819941, 7
1558601447.839056, 6
1558601447.859028, 7
1558601447.876126, 7
1558601447.890484, 7
1558601447.904994, 7
1558601447.920383, 8
1558601447.934728, 9
1558601447.949926, 7
1558601447.965758, 7
1558601447.980522, 8
1558601447.995845, 8
1558601448.010857, 9
1558601448.030529, 9
1558601448.050419, 8
1558601448.069725, 8
1558601448.088727, 6
1558601448.108074, 2
1558601448.122978, 2
1558601448.137336, 2
1558601448.152403, 3
1558601448.167490, 3
1558601448.182958, 3
1558601448.197608, 4
1558601448.213431, 4
1558601448.228326, 5
1558601448.243563, 5
1558601448.258748, 4
1558601448.273605, 4
1558601448.288433, 5
1558601448.307060, 6
1558601448.326772, 7
1558601448.346039, 6
1558601448.365746, 7
1558601448.385716, 6
1558601448.400365, 6
1558601448.415563, 8
1558601448.430653, 8
1558601448.445675, 8
1558601448.461055, 7
1558601448.475914, 9
1558601448.490104, 8
1558601448.506227, 8
1558601448.522047, 9
1558601448.537944, 9
1558601448.553664, 8
1558601448.568817, 8
1558601448.583604, 8
1558601448.598151, 3
1558601448.613211, 2
1558601448.628782, 3
1558601448.643476, 2
1558601448.658739, 3
1558601448.673736, 2
1558601448.688677, 3
1558601448.703991, 3
1558601448.719123, 4
1558601448.734476, 4
1558601448.750700, 5
1558601448.766766, 3
1558601448.781211, 4
1558601448.798112, 5
1558601448.813227, 5
1558601448.829258, 6
1558601448.843905, 5
1558601448.860088, 7
1558601448.874899, 6
1558601448.889841, 6
1558601448.904581, 7
1558601448.919947, 8
1558601448.934520, 8
1558601448.949821, 8
1558601448.964463, 8
1558601448.979448, 9
1558601448.994737, 8
1558601449.010559, 7
1558601449.025932, 9
1558601449.040495, 9
1558601449.055598, 9
1558601449.069853, 9
1558601449.085251, 10
1558601449.100163, 9
1558601449.115704, 8
1558601449.132331, 8
1558601449.147316, 10
1558601449.161925, 10
1558601449.175952, 2
1558601449.190134, 4
1558601449.204840, 4
1558601449.218714, 1
1558601449.232859, 2
1558601449.246722, 4
1558601449.260863, 4
1558601449.274150, 3
1558601449.288142, 4
1558601449.302965, 4
1558601449.317009, 4
1558601449.331445, 5
1558601449.346233, 5
1558601449.361054, 5
1558601449.375819, 5
1558601449.390029, 6
1558601449.404551, 5
1558601449.419623, 7
1558601449.434208, 6
1558601449.448726, 8
1558601449.462634, 8
1558601449.477825, 8
1558601449.492644, 7
1558601449.506704, 7
1558601449.521515, 7
1558601449.536413, 9
1558601449.551568, 8
1558601449.566430, 8
1558601449.582026, 10
1558601449.597019, 9
1558601449.612919, 9
1558601449.627954, 9
1558601449.642491, 9
1558601449.655921, 10
1558601449.670100, 10
1558601449.685853, 10
1558601449.700698, 9
1558601449.715887, 8
1558601449.730479, 10
1558601449.744574, 9
1558601449.760914, 2
1558601449.777150, 3
1558601449.793710, 1
1558601449.809428, 2
1558601449.823986, 2
1558601449.838342, 4
1558601449.852036, 6
1558601449.866968, 5
1558601449.882797, 5
1558601449.897642, 5
1558601449.912345, 6
1558601449.928956, 5
1558601449.943955, 6
1558601449.958650, 6
1558601449.974221, 6
1558601449.989902, 7
1558601450.008488, 7
1558601450.027168, 7
1558601450.042734, 6
1558601450.058146, 8
1558601450.073188, 7
1558601450.087932, 7
1558601450.102722, 7
1558601450.118179, 9
1558601450.134433, 9
1558601450.149789, 9
1558601450.165030, 10
1558601450.179761, 8
1558601450.194682, 8
1558601450.209923, 9
1558601450.225148, 8
1558601450.240441, 2
1558601450.254996, 4
1558601450.269436, 2
1558601450.284981, 3
1558601450.299401, 2
1558601450.314665, 4
1558601450.329710, 2
1558601450.344818, 4
1558601450.359687, 4
1558601450.374612, 3
1558601450.390122, 6
1558601450.405484, 5
1558601450.421111, 5
1558601450.439704, 6
1558601450.460004, 6
1558601450.478820, 6
1558601450.497903, 6
1558601450.517011, 6
1558601450.536036, 7
1558601450.554701, 9
1558601450.574041, 7
1558601450.593731, 8
1558601450.614165, 8
1558601450.629118, 9
1558601450.643493, 7
1558601450.658458, 9
1558601450.673232, 10
1558601450.688054, 8
1558601450.703767, 9
1558601450.718349, 8
1558601450.733338, 5
1558601450.748865, 3
1558601450.764691, 4
1558601450.786719, 4
1558601450.805353, 3
1558601450.823848, 3
1558601450.838848, 4
1558601450.853503, 4
1558601450.869695, 4
1558601450.885004, 5
1558601450.899764, 5
1558601450.916778, 5
1558601450.931755, 4
1558601450.951312, 5
1558601450.970824, 6
1558601450.991168, 5
1558601451.010842, 6
1558601451.031739, 7
1558601451.051108, 5
1558601451.066817, 7
1558601451.081152, 7
1558601451.096127, 8
1558601451.111044, 8
1558601451.126198, 8
1558601451.141076, 8
1558601451.156402, 8
1558601451.171202, 9
1558601451.186762, 7
1558601451.202655, 8
1558601451.217301, 7
1558601451.232412, 6
1558601451.247541, 2
1558601451.262187, 3
1558601451.277148, 1
1558601451.292710, 2
1558601451.308191, 2
1558601451.322614, 2
1558601451.338390, 4
1558601451.352378, 4
1558601451.366227, 5
1558601451.381524, 5
1558601451.397053, 4
1558601451.413997, 5
1558601451.429891, 5
1558601451.446623, 5
1558601451.462546, 6
1558601451.478477, 5
1558601451.495289, 6
1558601451.512142, 7
1558601451.528193, 7
1558601451.543619, 7
1558601451.558611, 8
1558601451.573152, 8
1558601451.587643, 6
1558601451.602752, 8
1558601451.617167, 9
1558601451.632724, 9
1558601451.648988, 9
1558601451.665172, 10
1558601451.680148, 10
1558601451.695414, 9
1558601451.712413, 10
1558601451.727241, 9
1558601451.742143, 9
1558601451.758567, 9
1558601451.778442, 9
1558601451.800216, 8
1558601451.821326, 4
1558601451.841939, 3
1558601451.861906, 2
1558601451.881120, 2
1558601451.902084, 3
1558601451.922217, 3
1558601451.941649, 5
1558601451.961441, 3
1558601451.976984, 5
1558601451.992778, 4
1558601452.007815, 6
1558601452.023594, 5
1558601452.038690, 5
1558601452.053093, 6
1558601452.067227, 7
1558601452.082892, 4
1558601452.097900, 7
1558601452.113767, 8
1558601452.128690, 7
1558601452.143050, 8
1558601452.158267, 8
1558601452.173953, 9
1558601452.188959, 7
1558601452.204505, 8
1558601452.219233, 8
1558601452.234179, 9
1558601452.248802, 8
1558601452.263535, 10
1558601452.279586, 9
1558601452.294819, 7
1558601452.309596, 8
1558601452.323706, 8
1558601452.338202, 4
1558601452.353763, 3
1558601452.368294, 3
1558601452.383692, 1
1558601452.399674, 3
1558601452.415399, 3
1558601452.429880, 3
1558601452.445468, 3
1558601452.460486, 4
1558601452.475623, 4
1558601452.490595, 4
1558601452.506152, 4
1558601452.521077, 5
1558601452.535932, 5
1558601452.551370, 6
1558601452.566462, 5
1558601452.581064, 7
1558601452.596314, 5
1558601452.611600, 6
1558601452.626519, 6
1558601452.641933, 6
1558601452.657147, 7
1558601452.671397, 8
1558601452.688027, 8
1558601452.704861, 9
1558601452.720093, 9
1558601452.735824, 8
1558601452.750465, 9
1558601452.764576, 9
1558601452.779418, 9
1558601452.794887, 9
1558601452.811636, 10
1558601452.826423, 10
1558601452.842228, 8
1558601452.857410, 10
1558601452.873949, 10
1558601452.888773, 10
1558601452.902753, 9
1558601452.918570, 10
1558601452.934748, 7
1558601452.950132, 3
1558601452.966018, 3
1558601452.982033, 3
1558601452.998792, 3
1558601453.015639, 4
1558601453.031817, 4
1558601453.047880, 5
1558601453.064420, 4
1558601453.080598, 5
1558601453.094915, 4
1558601453.109593, 4
1558601453.124231, 4
1558601453.138940, 5
1558601453.154220, 7
1558601453.169316, 6
1558601453.183783, 8
1558601453.199982, 7
1558601453.216873, 7
1558601453.232269, 7
1558601453.249774, 7
1558601453.265480, 8
1558601453.281638, 9
1558601453.296821, 9
1558601453.311779, 9
1558601453.326711, 8
1558601453.341747, 8
1558601453.356514, 9
1558601453.371321, 10
1558601453.385559, 9
1558601453.401388, 10
1558601453.416993, 8
1558601453.431232, 10
1558601453.448263, 7
1558601453.464746, 2
1558601453.481054, 3
1558601453.497170, 3
1558601453.513637, 2
1558601453.530544, 2
1558601453.547667, 2
1558601453.563892, 3
1558601453.579482, 4
1558601453.594589, 4
1558601453.609123, 4
1558601453.623738, 5
1558601453.638196, 5
1558601453.653002, 6
1558601453.668321, 5
1558601453.683945, 6
1558601453.699504, 7
1558601453.715009, 6
1558601453.730943, 7
1558601453.748313, 6
1558601453.763834, 8
1558601453.780110, 7
1558601453.795897, 8
1558601453.811857, 7
1558601453.826398, 9
1558601453.840615, 8
1558601453.855557, 9
1558601453.869701, 8
1558601453.884417, 9
1558601453.900285, 8
1558601453.915367, 9
1558601453.931443, 8
1558601453.946946, 8
1558601453.962745, 2
1558601453.976947, 2
1558601453.991276, 3
1558601454.006430, 3
1558601454.022405, 2
1558601454.037465, 3
1558601454.067700, 5
1558601454.083981, 3
1558601454.100041, 4
1558601454.114859, 4
1558601454.130803, 4
1558601454.145707, 6
1558601454.161395, 5
1558601454.177729, 6
1558601454.193379, 6
1558601454.207388, 7
1558601454.222666, 5
1558601454.242708, 7
1558601454.257126, 7
1558601454.271935, 7
1558601454.286885, 9
1558601454.302728, 9
1558601454.317793, 7
1558601454.333319, 7
1558601454.348849, 9
1558601454.364838, 8
1558601454.380278, 8
1558601454.395156, 10
1558601454.410404, 8
1558601454.426615, 9
1558601454.441321, 8
1558601454.457155, 7
1558601454.472745, 6
1558601454.488767, 3
1558601454.503360, 3
1558601454.518369, 1
1558601454.533570, 3
1558601454.550005, 2
1558601454.565313, 2
1558601454.580348, 4
1558601454.595498, 5
1558601454.610419, 4
1558601454.625021, 4
1558601454.641999, 4
1558601454.657720, 5
1558601454.673559, 5
1558601454.689779, 6
1558601454.706653, 7
1558601454.721496, 6
1558601454.737864, 7
1558601454.754486, 6
1558601454.770124, 7
1558601454.785915, 7
1558601454.801260, 9
1558601454.817947, 9
1558601454.835573, 8
1558601454.851635, 7
1558601454.866481, 7
1558601454.883432, 8
1558601454.897989, 10
1558601454.913632, 8
1558601454.928978, 8
1558601454.944262, 8
1558601454.959263, 8
1558601454.974218, 4
1558601454.989925, 2
1558601455.005810, 2
1558601455.020541, 2
1558601455.035153, 3
1558601455.049414, 2
1558601455.065305, 2
1558601455.080923, 4
1558601455.096241, 4
1558601455.112286, 4
1558601455.127628, 4
1558601455.142498, 4
1558601455.158064, 5
1558601455.178194, 6
1558601455.197824, 7
1558601455.213545, 6
1558601455.228680, 5
1558601455.244448, 7
1558601455.259494, 7
1558601455.274713, 7
1558601455.289701, 7
1558601455.305010, 7
1558601455.320267, 7
1558601455.334825, 7
1558601455.350377, 8
1558601455.365686, 9
1558601455.380164, 8
1558601455.395531, 9
1558601455.415587, 9
1558601455.436501, 7
1558601455.456744, 9
1558601455.476378, 2
1558601455.495846, 3
1558601455.515306, 3
1558601455.534680, 3
1558601455.552954, 2
1558601455.572254, 3
1558601455.587665, 3
1558601455.602598, 5
1558601455.617372, 3
1558601455.632509, 5
1558601455.647707, 4
1558601455.662086, 5
1558601455.676807, 6
1558601455.691590, 5
1558601455.705817, 7
1558601455.721470, 5
1558601455.736774, 6
1558601455.751958, 7
1558601455.767239, 7
1558601455.782201, 7
1558601455.797685, 7
1558601455.814199, 7
1558601455.829203, 7
1558601455.844003, 9
1558601455.859463, 9
1558601455.874870, 8
1558601455.890152, 8
1558601455.905839, 9
1558601455.920543, 8
1558601455.935606, 8
1558601455.950982, 9
1558601455.966497, 8
1558601455.981907, 3
1558601455.996967, 1
1558601456.013087, 2
1558601456.028942, 4
1558601456.043813, 2
1558601456.059091, 2
1558601456.074656, 4
1558601456.088442, 4
1558601456.103107, 5
1558601456.118420, 4
1558601456.136161, 4
1558601456.150793, 5
1558601456.166398, 5
1558601456.182099, 6
1558601456.197165, 5
1558601456.213044, 5
1558601456.228677, 5
1558601456.243193, 7
1558601456.258387, 6
1558601456.272787, 6
1558601456.288036, 8
1558601456.302608, 9
1558601456.317334, 8
1558601456.332361, 8
1558601456.348013, 9
1558601456.363291, 9
1558601456.377814, 7
1558601456.393600, 9
1558601456.413376, 9
1558601456.433809, 7
1558601456.452128, 8
1558601456.466555, 7
1558601456.482526, 3
1558601456.497756, 2
1558601456.514468, 3
1558601456.530058, 2
1558601456.545462, 3
1558601456.565846, 4
1558601456.588336, 3
1558601456.603620, 5
1558601456.618586, 4
1558601456.633695, 5
1558601456.648775, 5
1558601456.663606, 4
1558601456.678659, 6
1558601456.693493, 5
1558601456.707922, 6
1558601456.723205, 6
1558601456.738569, 6
1558601456.754081, 6
1558601456.769894, 6
1558601456.784184, 8
1558601456.799882, 7
1558601456.815312, 8
1558601456.830257, 8
1558601456.846019, 9
1558601456.863484, 8
1558601456.879385, 8
1558601456.894651, 8
1558601456.909866, 10
1558601456.924616, 8
1558601456.939197, 8
1558601456.954066, 9
1558601456.969099, 7
1558601456.984284, 2
1558601456.998696, 2
1558601457.014739, 3
1558601457.034750, 3
1558601457.055035, 3
1558601457.078001, 4
1558601457.092947, 3
1558601457.107451, 3
1558601457.122853, 4
1558601457.137954, 4
1558601457.153467, 4
1558601457.168665, 4
1558601457.183779, 6
1558601457.199085, 5
1558601457.213786, 6
1558601457.228499, 6
1558601457.243687, 7
1558601457.259318, 6
1558601457.273582, 7
1558601457.288939, 8
1558601457.303977, 7
1558601457.318544, 7
1558601457.334016, 8
1558601457.350710, 8
1558601457.366052, 8
1558601457.380488, 9
1558601457.395877, 8
1558601457.411750, 9
1558601457.425900, 8
1558601457.441126, 7
1558601457.456863, 9
1558601457.471765, 7
1558601457.487194, 2
1558601457.502344, 3
1558601457.517496, 3
1558601457.532448, 2
1558601457.548607, 3
1558601457.563677, 3
1558601457.578202, 3
1558601457.592630, 3
1558601457.607809, 3
1558601457.623873, 6
1558601457.638863, 4
1558601457.655408, 5
1558601457.670636, 4
1558601457.686103, 5
1558601457.701580, 5
1558601457.716953, 6
1558601457.731705, 6
1558601457.746183, 6
1558601457.762479, 6
1558601457.777454, 7
1558601457.792724, 7
1558601457.807676, 7
1558601457.822932, 9
1558601457.837452, 8
1558601457.852186, 8
1558601457.869348, 7
1558601457.886902, 8
1558601457.906330, 9
1558601457.921264, 10
1558601457.937020, 10
1558601457.954166, 8
1558601457.972412, 9
1558601457.988017, 9
1558601458.004604, 6
1558601458.020921, 4
1558601458.036901, 2
1558601458.053445, 2
1558601458.070953, 2
1558601458.089211, 3
1558601458.105371, 3
1558601458.121127, 5
1558601458.137801, 4
1558601458.154483, 5
1558601458.170576, 5
1558601458.187126, 5
1558601458.204411, 5
1558601458.220422, 7
1558601458.236692, 7
1558601458.254388, 5
1558601458.275285, 6
1558601458.296545, 7
1558601458.317089, 7
1558601458.338066, 8
1558601458.358688, 6
1558601458.373870, 7
1558601458.388884, 9
1558601458.404798, 8
1558601458.422204, 9
1558601458.446411, 8
1558601458.464774, 8
1558601458.479940, 8
1558601458.494481, 9
1558601458.508675, 4
1558601458.524289, 3
1558601458.539877, 2
1558601458.556061, 2
1558601458.578029, 2
1558601458.594054, 3
1558601458.607890, 3
1558601458.622012, 4
1558601458.636950, 4
1558601458.652374, 4
1558601458.672451, 4
1558601458.687786, 5
1558601458.702667, 4
1558601458.717555, 5
1558601458.732322, 6
1558601458.746880, 5
1558601458.762189, 5
1558601458.777759, 6
1558601458.792381, 6
1558601458.806274, 7
1558601458.822028, 6
1558601458.837772, 9
1558601458.852742, 8
1558601458.868712, 8
1558601458.884649, 8
1558601458.904427, 8
1558601458.919406, 9
1558601458.937135, 10
1558601458.952191, 9
1558601458.968804, 8
1558601458.982972, 9
1558601459.001920, 8
1558601459.016890, 2
1558601459.035943, 1
1558601459.053062, 3
1558601459.067795, 4
1558601459.086023, 3
1558601459.101257, 3
1558601459.118945, 4
1558601459.133975, 3
1558601459.149695, 4
1558601459.169584, 4
1558601459.188906, 4
1558601459.209479, 5
1558601459.230492, 7
1558601459.251680, 6
1558601459.267916, 6
1558601459.284002, 7
1558601459.301340, 6
1558601459.319825, 7
1558601459.334062, 8
1558601459.352601, 7
1558601459.366760, 8
1558601459.385436, 9
1558601459.399850, 9
1558601459.413900, 8
1558601459.428092, 9
1558601459.442887, 9
1558601459.456946, 8
1558601459.471678, 8
1558601459.486657, 8
1558601459.501958, 9
1558601459.516321, 2
1558601459.535272, 3
1558601459.550348, 3
1558601459.574041, 3
1558601459.588365, 2
1558601459.602900, 3
1558601459.616626, 4
1558601459.632311, 5
1558601459.647446, 4
1558601459.667752, 5
1558601459.684665, 4
1558601459.699106, 5
1558601459.714758, 5
1558601459.730317, 7
1558601459.746460, 6
1558601459.761232, 6
1558601459.775772, 6
1558601459.790245, 7
1558601459.809343, 6
1558601459.825133, 7
1558601459.839617, 9
1558601459.854589, 7
1558601459.869496, 8
1558601459.884777, 7
1558601459.900783, 9
1558601459.916234, 8
1558601459.931199, 10
1558601459.946703, 10
1558601459.961360, 8
1558601459.977125, 7
1558601459.992462, 8
1558601460.008040, 8
1558601460.024119, 2
1558601460.040488, 3
1558601460.054644, 1
1558601460.068637, 2
1558601460.084099, 2
1558601460.099494, 3
1558601460.114413, 2
1558601460.129403, 4
1558601460.143561, 4
1558601460.159011, 4
1558601460.173747, 4
1558601460.189109, 4
1558601460.204917, 4
1558601460.219667, 6
1558601460.234907, 7
1558601460.249615, 6
1558601460.264391, 5
1558601460.279408, 7
1558601460.294780, 6
1558601460.310781, 6
1558601460.326227, 7
1558601460.341646, 9
1558601460.356583, 7
1558601460.371718, 8
1558601460.386868, 8
1558601460.402489, 8
1558601460.417304, 7
1558601460.432569, 8
1558601460.447697, 10
1558601460.462654, 8
1558601460.478041, 8
1558601460.493234, 9
1558601460.508418, 8
1558601460.523763, 2
1558601460.538643, 4
1558601460.552865, 1
1558601460.568780, 3
1558601460.583889, 2
1558601460.599009, 2
1558601460.614715, 4
1558601460.630068, 3
1558601460.644983, 4
1558601460.660435, 5
1558601460.680061, 4
1558601460.699466, 5
1558601460.718442, 6
1558601460.737337, 6
1558601460.756503, 5
1558601460.776908, 7
1558601460.796125, 6
1558601460.815349, 7
1558601460.833799, 8
1558601460.854078, 7
1558601460.872958, 7
1558601460.892997, 9
1558601460.917633, 8
1558601460.936253, 8
1558601460.952275, 9
1558601460.966879, 7
1558601460.981832, 7
1558601460.997020, 9
1558601461.013144, 6
1558601461.028048, 3
1558601461.043313, 3
1558601461.058721, 1
1558601461.073470, 3
1558601461.088633, 3
1558601461.104048, 2
1558601461.119565, 4
1558601461.134527, 3
1558601461.149663, 5
1558601461.165644, 5
1558601461.179849, 4
1558601461.194596, 5
1558601461.209605, 4
1558601461.224798, 6
1558601461.239849, 6
1558601461.255514, 7
1558601461.270332, 6
1558601461.284794, 6
1558601461.300384, 5
1558601461.315301, 6
1558601461.329922, 7
1558601461.345713, 7
1558601461.361084, 7
1558601461.376428, 9
1558601461.390969, 8
1558601461.406191, 8
1558601461.421617, 8
1558601461.436941, 9
1558601461.452674, 9
1558601461.467306, 7
1558601461.482492, 7
1558601461.497800, 8
1558601461.513597, 2
1558601461.533239, 2
1558601461.551017, 2
1558601461.566262, 3
1558601461.581462, 2
1558601461.596609, 2
1558601461.612093, 2
1558601461.627003, 3
1558601461.642242, 3
1558601461.656845, 3
1558601461.671726, 4
1558601461.686725, 4
1558601461.701981, 4
1558601461.717639, 4
1558601461.732383, 5
1558601461.747896, 5
1558601461.762872, 5
1558601461.778071, 6
1558601461.793075, 6
1558601461.809045, 6
1558601461.824589, 7
1558601461.839575, 6
1558601461.855149, 9
1558601461.873592, 8
1558601461.894272, 8
1558601461.913865, 9
1558601461.933368, 9
1558601461.953210, 8
1558601461.971844, 9
1558601461.990982, 10
1558601462.010902, 9
1558601462.031070, 10
1558601462.050591, 9
1558601462.070778, 10
1558601462.090815, 10
1558601462.110360, 4
1558601462.125104, 2
1558601462.140822, 3
1558601462.155602, 5
1558601462.170875, 2
1558601462.185949, 4
1558601462.201189, 3
1558601462.216733, 5
1558601462.231659, 4
1558601462.246426, 4
1558601462.261623, 6
1558601462.276872, 6
1558601462.291954, 5
1558601462.307695, 5
1558601462.323420, 7
1558601462.338639, 7
1558601462.353366, 6
1558601462.367964, 8
1558601462.384513, 8
1558601462.401141, 7
1558601462.415393, 7
1558601462.430504, 7
1558601462.449501, 8
1558601462.469287, 8
1558601462.489080, 9
1558601462.508585, 8
1558601462.526519, 9
1558601462.544987, 9
1558601462.564949, 9
1558601462.584898, 8
1558601462.604312, 9
1558601462.625364, 10
1558601462.644967, 3
1558601462.663583, 1
1558601462.682218, 1
1558601462.702242, 3
1558601462.721003, 3
1558601462.741044, 3
1558601462.760169, 6
1558601462.779809, 4
1558601462.800248, 5
1558601462.820100, 6
1558601462.840324, 5
1558601462.860160, 7
1558601462.879971, 6
1558601462.899837, 7
1558601462.920512, 7
1558601462.942203, 7
1558601462.962480, 9
1558601462.982178, 8
1558601463.001503, 8
1558601463.015885, 8
1558601463.031044, 8
1558601463.046533, 8
1558601463.061266, 8
1558601463.076997, 9
1558601463.091995, 9
1558601463.107118, 9
1558601463.122405, 9
1558601463.136943, 8
1558601463.151839, 3
1558601463.166607, 3
1558601463.182080, 1
1558601463.197823, 2
1558601463.213311, 3
1558601463.228160, 3
1558601463.243581, 3
1558601463.258378, 4
1558601463.273362, 5
1558601463.288482, 3
1558601463.304061, 5
1558601463.319165, 4
1558601463.333943, 5
1558601463.350010, 4
1558601463.365583, 5
1558601463.381125, 8
1558601463.395786, 6
1558601463.415857, 6
1558601463.436227, 6
1558601463.455712, 6
1558601463.474818, 9
1558601463.494957, 7
1558601463.514807, 7
1558601463.534529, 7
1558601463.552731, 8
1558601463.571403, 10
1558601463.590122, 9
1558601463.609392, 8
1558601463.630062, 9
1558601463.649036, 3
1558601463.667496, 3
1558601463.686956, 1
1558601463.706435, 3
1558601463.725063, 3
1558601463.744325, 4
1558601463.763200, 3
1558601463.783086, 3
1558601463.802211, 5
1558601463.821295, 5
1558601463.841665, 5
1558601463.861819, 6
1558601463.880571, 7
1558601463.900181, 6
1558601463.920236, 7
1558601463.940166, 7
1558601463.959144, 5
1558601463.978348, 8
1558601463.993772, 7
1558601464.014640, 7
1558601464.035114, 9
1558601464.054728, 9
1558601464.075882, 10
1558601464.096274, 8
1558601464.115224, 9
1558601464.130944, 9
1558601464.145318, 6
1558601464.160407, 2
1558601464.174910, 3
1558601464.190029, 2
1558601464.205590, 2
1558601464.220549, 3
1558601464.235117, 2
1558601464.249903, 3
1558601464.264755, 3
1558601464.279661, 5
1558601464.294355, 4
1558601464.309193, 4
1558601464.324170, 5
1558601464.338606, 5
1558601464.353538, 5
1558601464.368757, 6
1558601464.383707, 7
1558601464.398633, 6
1558601464.414580, 7
1558601464.429773, 6
1558601464.445346, 6
1558601464.460653, 6
1558601464.475815, 9
1558601464.491586, 8
1558601464.506648, 8
1558601464.522048, 8
1558601464.537241, 8
1558601464.552086, 7
1558601464.567261, 8
1558601464.582735, 9
1558601464.598432, 9
1558601464.613064, 9
1558601464.628627, 9
1558601464.643506, 6
1558601464.658923, 2
1558601464.674237, 2
1558601464.689284, 3
1558601464.705046, 2
1558601464.719633, 3
1558601464.734887, 2
1558601464.754196, 4
1558601464.774875, 5
1558601464.797576, 4
1558601464.816937, 4
1558601464.831664, 4
1558601464.847551, 4
1558601464.862625, 5
1558601464.877616, 6
1558601464.892867, 6
1558601464.907175, 7
1558601464.922910, 6
1558601464.940632, 5
1558601464.955231, 6
1558601464.972039, 7
1558601464.988860, 9
1558601465.003702, 7
1558601465.022636, 8
1558601465.036767, 8
1558601465.053250, 9
1558601465.072429, 9
1558601465.086784, 10
1558601465.102151, 9
1558601465.117273, 8
1558601465.135606, 9
1558601465.150504, 4
1558601465.165879, 2
1558601465.180061, 2
1558601465.194433, 3
1558601465.209958, 2
1558601465.226568, 3
1558601465.243337, 2
1558601465.259694, 3
1558601465.277464, 3
1558601465.292284, 4
1558601465.308427, 4
1558601465.323773, 3
1558601465.339026, 4
1558601465.353837, 5
1558601465.368308, 5
1558601465.384375, 6
1558601465.400322, 7
1558601465.415212, 7
1558601465.430431, 6
1558601465.445636, 6
1558601465.460400, 7
1558601465.475338, 7
1558601465.490470, 7
1558601465.505714, 8
1558601465.521178, 8
1558601465.536932, 9
1558601465.552232, 8
1558601465.567626, 8
1558601465.581702, 10
1558601465.596534, 9
1558601465.612543, 9
1558601465.630790, 8
1558601465.649142, 7
1558601465.664384, 3
1558601465.679390, 3
1558601465.694225, 2
1558601465.709877, 2
1558601465.724922, 3
1558601465.739196, 3
1558601465.754208, 3
1558601465.769157, 2
1558601465.784099, 3
1558601465.798633, 4
1558601465.813446, 4
1558601465.828101, 4
1558601465.843342, 5
1558601465.862233, 6
1558601465.876799, 5
1558601465.891716, 7
1558601465.906738, 7
1558601465.921366, 6
1558601465.935515, 6
1558601465.950558, 6
1558601465.964856, 8
1558601465.980354, 7
1558601465.995715, 9
1558601466.010997, 8
1558601466.025456, 9
1558601466.039939, 8
1558601466.056249, 9
1558601466.070098, 9
1558601466.083636, 9
1558601466.098247, 9
1558601466.111782, 8
1558601466.126015, 9
1558601466.140355, 9
1558601466.154494, 10
1558601466.168680, 10
1558601466.184081, 10
1558601466.198347, 10
1558601466.213267, 10
1558601466.227448, 8
1558601466.241033, 5
1558601466.254357, 4
1558601466.268693, 3
1558601466.283254, 2
1558601466.298564, 3
1558601466.313687, 3
1558601466.327801, 3
1558601466.340898, 4
1558601466.354366, 5
1558601466.369075, 5
1558601466.382120, 5
1558601466.396829, 4
1558601466.411153, 5
1558601466.425097, 4
1558601466.439830, 6
1558601466.453830, 5
1558601466.467316, 6
1558601466.482521, 6
1558601466.496025, 6
1558601466.509305, 7
1558601466.523307, 8
1558601466.536166, 6
1558601466.549637, 6
1558601466.563847, 7
1558601466.577114, 7
1558601466.591375, 8
1558601466.605290, 9
1558601466.619255, 9
1558601466.632866, 8
1558601466.646894, 9
1558601466.661757, 9
1558601466.675758, 9
1558601466.689289, 9
1558601466.702661, 10
1558601466.716307, 10
1558601466.729004, 10
1558601466.741830, 9
1558601466.754637, 8
1558601466.767480, 9
1558601466.782118, 10
1558601466.795654, 9
1558601466.810643, 3
1558601466.826211, 2
1558601466.841368, 3
1558601466.855732, 3
1558601466.869237, 3
1558601466.882805, 1
1558601466.897699, 5
1558601466.911435, 5
1558601466.924710, 4
1558601466.939017, 4
1558601466.959469, 5
1558601466.978879, 4
1558601466.995081, 6
1558601467.008957, 6
1558601467.023215, 5
1558601467.037725, 6
1558601467.051828, 7
1558601467.066338, 6
1558601467.081603, 6
1558601467.104025, 8
1558601467.117394, 9
1558601467.132139, 7
1558601467.148492, 7
1558601467.163751, 9
1558601467.177661, 9
1558601467.192108, 8
1558601467.206676, 10
1558601467.220457, 10
1558601467.234829, 8
1558601467.249406, 8
1558601467.262683, 9
1558601467.276529, 9
1558601467.291746, 3
1558601467.306318, 2
1558601467.324077, 3
1558601467.338370, 3
1558601467.352429, 3
1558601467.365238, 3
1558601467.379386, 3
1558601467.405040, 4
1558601467.421689, 4
1558601467.435014, 5
1558601467.449240, 5
1558601467.463616, 5
1558601467.477791, 5
1558601467.493618, 5
1558601467.507215, 7
1558601467.520251, 6
1558601467.533185, 5
1558601467.547133, 6
1558601467.560400, 7
1558601467.573915, 6
1558601467.586822, 7
1558601467.599497, 7
1558601467.612949, 9
1558601467.627226, 7
1558601467.639967, 7
1558601467.653467, 9
1558601467.666262, 9
1558601467.679377, 8
1558601467.692104, 9
1558601467.705118, 8
1558601467.719245, 9
1558601467.732320, 8
1558601467.746482, 7
1558601467.761865, 9
1558601467.775754, 9
1558601467.788722, 3
1558601467.802726, 2
1558601467.816791, 3
1558601467.830491, 2
1558601467.847069, 2
1558601467.861217, 2
1558601467.875482, 3
1558601467.889236, 4
1558601467.902393, 3
1558601467.916184, 5
1558601467.930959, 4
1558601467.944776, 5
1558601467.959241, 3
1558601467.973159, 3
1558601467.986372, 5
1558601467.999712, 5
1558601468.013395, 6
1558601468.026830, 5
1558601468.041351, 6
1558601468.054736, 8
1558601468.068760, 5
1558601468.082612, 7
1558601468.095573, 7
1558601468.108608, 8
1558601468.122475, 8
1558601468.135973, 7
1558601468.149801, 8
1558601468.164287, 8
1558601468.178946, 8
1558601468.193435, 8
1558601468.209273, 10
1558601468.227545, 9
1558601468.240992, 8
1558601468.257359, 9
1558601468.272183, 9
1558601468.286334, 3
1558601468.299697, 2
1558601468.315224, 3
1558601468.329761, 1
1558601468.343765, 3
1558601468.358072, 3
1558601468.375811, 2
1558601468.389201, 3
1558601468.405256, 4
1558601468.418971, 3
1558601468.433744, 4
1558601468.447673, 4
1558601468.461585, 5
1558601468.474157, 5
1558601468.488152, 5
1558601468.501876, 6
1558601468.514532, 7
1558601468.528384, 6
1558601468.543679, 7
1558601468.557704, 6
1558601468.571109, 7
1558601468.585156, 7
1558601468.598322, 7
1558601468.612692, 8
1558601468.626670, 9
1558601468.641403, 7
1558601468.656148, 9
1558601468.669831, 9
1558601468.686011, 9
1558601468.700546, 9
1558601468.714099, 9
1558601468.727558, 9
1558601468.741363, 8
1558601468.754651, 9
1558601468.768809, 9
1558601468.782732, 3
1558601468.795491, 2
1558601468.811924, 3
1558601468.827497, 2
1558601468.841393, 3
1558601468.855435, 3
1558601468.870061, 4
1558601468.891762, 3
1558601468.906948, 3
1558601468.922402, 5
1558601468.936720, 5
1558601468.950395, 5
1558601468.964573, 5
1558601468.977811, 4
1558601468.992664, 5
1558601469.006863, 5
1558601469.021030, 6
1558601469.035110, 5
1558601469.049513, 6
1558601469.063690, 6
1558601469.077141, 6
1558601469.091090, 7
1558601469.105253, 7
1558601469.119733, 8
1558601469.133624, 7
1558601469.147926, 9
1558601469.161029, 8
1558601469.175102, 8
1558601469.189721, 8
1558601469.204854, 9
1558601469.218732, 9
1558601469.234022, 8
1558601469.250074, 9
1558601469.267166, 10
1558601469.283013, 9
1558601469.307507, 10
1558601469.324234, 9
1558601469.343015, 9
1558601469.357769, 10
1558601469.370777, 7
1558601469.385124, 3
1558601469.399332, 2
1558601469.413875, 1
1558601469.428217, 6
1558601469.443850, 3
1558601469.458303, 3
1558601469.474459, 3
1558601469.489537, 5
1558601469.509669, 5
1558601469.523643, 6
1558601469.537998, 5
1558601469.552956, 4
1558601469.568188, 6
1558601469.583700, 6
1558601469.598899, 7
1558601469.613617, 7
1558601469.632908, 8
1558601469.648411, 8
1558601469.662460, 7
1558601469.676634, 7
1558601469.700812, 7
1558601469.736391, 8
1558601469.767353, 7
1558601469.783914, 9
1558601469.799747, 10
1558601469.830709, 10
1558601469.844434, 10
1558601469.862495, 9
1558601469.878441, 10
1558601469.893753, 9
1558601469.911133, 9
1558601469.929890, 5
1558601469.949178, 3
1558601469.965334, 3
1558601469.979780, 2
1558601469.994843, 2
1558601470.009982, 4
1558601470.027363, 5
1558601470.041507, 4
1558601470.055593, 5
1558601470.069583, 4
1558601470.084932, 6
1558601470.103653, 5
1558601470.117881, 5
1558601470.134965, 6
1558601470.148656, 6
1558601470.165784, 5
1558601470.179359, 6
1558601470.194273, 6
1558601470.208466, 7
1558601470.222401, 7
1558601470.236945, 8
1558601470.252397, 8
1558601470.267331, 8
1558601470.282496, 8
1558601470.297617, 7
1558601470.312782, 9
1558601470.327995, 9
1558601470.343305, 9
1558601470.358244, 9
1558601470.373569, 8
1558601470.389426, 8
1558601470.404579, 8
1558601470.419481, 1
1558601470.434365, 2
1558601470.449343, 1
1558601470.464380, 3
1558601470.478432, 1
1558601470.496722, 2
1558601470.512651, 3
1558601470.527925, 3
1558601470.543352, 4
1558601470.559286, 4
1558601470.575085, 5
1558601470.591407, 5
1558601470.607314, 5
1558601470.623849, 6
1558601470.643652, 6
1558601470.658562, 6
1558601470.674176, 7
1558601470.690587, 7
1558601470.707563, 7
1558601470.723523, 6
1558601470.739099, 9
1558601470.755527, 7
1558601470.772025, 7
1558601470.788505, 9
1558601470.803430, 8
1558601470.817428, 8
1558601470.831540, 10
1558601470.848766, 8
1558601470.866174, 8
1558601470.883402, 7
1558601470.897511, 8
1558601470.913212, 6
1558601470.926755, 3
1558601470.941064, 2
1558601470.955972, 2
1558601470.969938, 2
1558601470.985067, 2
1558601470.999551, 2
1558601471.014486, 2
1558601471.028449, 4
1558601471.043858, 4
1558601471.059996, 4
1558601471.074492, 4
1558601471.090516, 5
1558601471.104742, 5
1558601471.118568, 4
1558601471.134226, 7
1558601471.152273, 6
1558601471.166631, 5
1558601471.182245, 6
1558601471.197380, 7
1558601471.212102, 7
1558601471.226719, 7
1558601471.241535, 9
1558601471.257074, 7
1558601471.272213, 8
1558601471.288364, 7
1558601471.303525, 9
1558601471.318095, 8
1558601471.332748, 9
1558601471.347550, 9
1558601471.362564, 8
1558601471.377562, 7
1558601471.392656, 9
1558601471.409323, 8
1558601471.425429, 2
1558601471.440912, 2
1558601471.457314, 2
1558601471.474192, 3
1558601471.491634, 3
1558601471.508191, 2
1558601471.524415, 4
1558601471.541690, 5
1558601471.557785, 3
1558601471.574650, 4
1558601471.589254, 4
1558601471.604048, 4
1558601471.619608, 4
1558601471.633818, 5
1558601471.652253, 5
1558601471.668258, 6
1558601471.683421, 7
1558601471.698155, 6
1558601471.712345, 7
1558601471.728115, 6
1558601471.744616, 8
1558601471.761219, 7
1558601471.778513, 7
1558601471.794537, 8
1558601471.811071, 8
1558601471.827065, 8
1558601471.846316, 10
1558601471.862455, 9
1558601471.878680, 8
1558601471.895369, 9
1558601471.912140, 5
1558601471.929755, 4
1558601471.946233, 2
1558601471.962899, 2
1558601471.978785, 3
1558601471.994597, 3
1558601472.010476, 3
1558601472.025916, 4
1558601472.042819, 4
1558601472.059387, 4
1558601472.075304, 5
1558601472.091190, 5
1558601472.107328, 5
1558601472.122249, 6
1558601472.137905, 5
1558601472.152982, 7
1558601472.167857, 6
1558601472.182115, 6
1558601472.197380, 6
1558601472.212486, 7
1558601472.229320, 7
1558601472.245584, 8
1558601472.262475, 8
1558601472.278708, 7
1558601472.294517, 8
1558601472.310976, 8
1558601472.328252, 8
1558601472.349937, 10
1558601472.366408, 8
1558601472.381585, 8
1558601472.396345, 9
1558601472.413226, 5
1558601472.427890, 3
1558601472.444248, 2
1558601472.460078, 2
1558601472.475297, 3
1558601472.491836, 3
1558601472.508417, 2
1558601472.524803, 3
1558601472.540538, 4
1558601472.555502, 3
1558601472.569799, 4
1558601472.586412, 4
1558601472.603944, 5
1558601472.618131, 6
1558601472.632965, 5
1558601472.646922, 6
1558601472.661959, 6
1558601472.677843, 7
1558601472.694684, 6
1558601472.712174, 7
1558601472.729390, 7
1558601472.745174, 8
1558601472.761511, 8
1558601472.778486, 8
1558601472.794709, 9
1558601472.810839, 8
1558601472.826942, 8
1558601472.844366, 9
1558601472.861683, 10
1558601472.880012, 9
1558601472.897339, 8
1558601472.913942, 3
1558601472.932238, 3
1558601472.950796, 2
1558601472.967320, 4
1558601472.982471, 2
1558601472.997999, 3
1558601473.014629, 3
1558601473.030612, 3
1558601473.046744, 4
1558601473.064642, 4
1558601473.080003, 4
1558601473.096827, 4
1558601473.113090, 6
1558601473.129428, 5
1558601473.145621, 6
1558601473.162831, 6
1558601473.179228, 7
1558601473.195944, 6
1558601473.211477, 7
1558601473.228078, 8
1558601473.245062, 8
1558601473.261868, 9
1558601473.278783, 9
1558601473.295881, 8
1558601473.315521, 9
1558601473.332498, 8
1558601473.348806, 9
1558601473.366261, 8
1558601473.380238, 8
1558601473.395699, 7
1558601473.416896, 6
1558601473.431251, 3
1558601473.446109, 2
1558601473.461344, 2
1558601473.476827, 2
1558601473.491762, 2
1558601473.506739, 2
1558601473.521281, 3
1558601473.536552, 4
1558601473.551267, 4
1558601473.566673, 5
1558601473.582384, 4
1558601473.597259, 4
1558601473.613579, 6
1558601473.633497, 6
1558601473.648654, 6
1558601473.666589, 7
1558601473.681630, 6
1558601473.696639, 7
1558601473.712057, 7
1558601473.726500, 7
1558601473.742246, 7
1558601473.761296, 8
1558601473.775579, 7
1558601473.791214, 8
1558601473.806973, 7
1558601473.823016, 9
1558601473.838991, 8
1558601473.853743, 9
1558601473.868665, 9
1558601473.883492, 9
1558601473.898314, 8
1558601473.913579, 7
1558601473.929844, 2
1558601473.945059, 2
1558601473.959198, 1
1558601473.973906, 2
1558601473.996355, 3
1558601474.016216, 3
1558601474.032241, 4
1558601474.047040, 4
1558601474.063443, 4
1558601474.079904, 4
1558601474.094443, 3
1558601474.110180, 4
1558601474.125693, 5
1558601474.141190, 6
1558601474.156168, 7
1558601474.170719, 7
1558601474.186583, 6
1558601474.201633, 5
1558601474.219009, 7
1558601474.233257, 7
1558601474.248285, 6
1558601474.263531, 8
1558601474.278946, 8
1558601474.294854, 8
1558601474.313413, 7
1558601474.328884, 9
1558601474.344627, 8
1558601474.360487, 9
1558601474.376601, 9
1558601474.392567, 9
1558601474.408213, 7
1558601474.424014, 3
1558601474.439822, 2
1558601474.454627, 2
1558601474.468662, 2
1558601474.484952, 3
1558601474.499953, 3
1558601474.514407, 3
1558601474.529790, 2
1558601474.544552, 3
1558601474.559978, 5
1558601474.574813, 3
1558601474.590415, 5
1558601474.605878, 5
1558601474.620549, 5
1558601474.636004, 5
1558601474.650883, 6
1558601474.665339, 8
1558601474.680215, 6
1558601474.699618, 7
1558601474.714507, 7
1558601474.729763, 8
1558601474.744946, 7
1558601474.760372, 8
1558601474.775624, 9
1558601474.790711, 8
1558601474.805455, 7
1558601474.820874, 8
1558601474.835122, 8
1558601474.849265, 8
1558601474.864480, 9
1558601474.879682, 9
1558601474.894959, 9
1558601474.910155, 9
1558601474.925318, 8
1558601474.940633, 4
1558601474.955892, 2
1558601474.971414, 2
1558601474.986419, 2
1558601475.000955, 3
1558601475.015849, 3
1558601475.030050, 3
1558601475.045221, 3
1558601475.060865, 4
1558601475.076242, 4
1558601475.092555, 5
1558601475.106984, 4
1558601475.122151, 5
1558601475.136636, 4
1558601475.152216, 6
1558601475.168265, 6
1558601475.182594, 6
1558601475.197279, 6
1558601475.212905, 6
1558601475.230431, 6
1558601475.245343, 7
1558601475.263169, 6
1558601475.278518, 7
1558601475.293270, 7
1558601475.309991, 8
1558601475.324025, 8
1558601475.338993, 9
1558601475.369242, 8
1558601475.399909, 8
1558601475.415546, 8
1558601475.431581, 8
1558601475.446151, 4
1558601475.461559, 3
1558601475.475407, 2
1558601475.489815, 3
1558601475.506484, 2
1558601475.522430, 3
1558601475.538993, 2
1558601475.553895, 3
1558601475.570058, 4
1558601475.584633, 3
1558601475.613588, 4
1558601475.696720, 5
1558601475.724025, 4
1558601475.740111, 5
1558601475.754194, 5
1558601475.768419, 5
1558601475.783428, 6
1558601475.798169, 5
1558601475.813244, 5
1558601475.827317, 6
1558601475.842391, 6
1558601475.857752, 6
1558601475.873402, 6
1558601475.889159, 8
1558601475.904679, 6
1558601475.920124, 7
1558601475.934807, 9
1558601475.949834, 8
1558601475.965101, 8
1558601475.980943, 9
1558601475.996431, 10
1558601476.014702, 8
1558601476.030207, 9
1558601476.046317, 8
1558601476.062645, 2
1558601476.079404, 3
1558601476.095793, 1
1558601476.112676, 4
1558601476.129206, 2
1558601476.145543, 2
1558601476.162334, 4
1558601476.178905, 3
1558601476.195401, 3
1558601476.211521, 4
1558601476.228356, 4
1558601476.244009, 5
1558601476.261585, 6
1558601476.279058, 6
1558601476.296580, 7
1558601476.312644, 6
1558601476.327234, 7
1558601476.345567, 5
1558601476.363010, 7
1558601476.382554, 8
1558601476.400204, 8
1558601476.415908, 7
1558601476.433517, 9
1558601476.450820, 8
1558601476.467012, 9
1558601476.483371, 8
1558601476.498818, 9
1558601476.513599, 7
1558601476.528437, 7
1558601476.543656, 8
1558601476.558597, 7
1558601476.573551, 3
1558601476.588539, 2
1558601476.603386, 2
1558601476.618523, 3
1558601476.632708, 2
1558601476.646692, 3
1558601476.661919, 4
1558601476.677015, 3
1558601476.692504, 4
1558601476.707465, 4
1558601476.722681, 5
1558601476.737492, 5
1558601476.757067, 5
1558601476.774036, 5
1558601476.793679, 5
1558601476.809293, 4
1558601476.826604, 7
1558601476.841578, 6
1558601476.856553, 7
1558601476.870607, 7
1558601476.885752, 8
1558601476.902102, 8
1558601476.916670, 8
1558601476.933159, 8
1558601476.947526, 8
1558601476.963686, 9
1558601476.980053, 9
1558601476.997835, 9
1558601477.015805, 8
1558601477.030243, 8
1558601477.046477, 9
1558601477.062538, 5
1558601477.077253, 2
1558601477.093227, 2
1558601477.108737, 3
1558601477.125118, 3
1558601477.139763, 2
1558601477.153617, 2
1558601477.167600, 4
1558601477.182512, 2
1558601477.197577, 4
1558601477.212224, 4
1558601477.227102, 5
1558601477.242009, 4
1558601477.257523, 5
1558601477.272991, 6
1558601477.287224, 5
1558601477.301623, 7
1558601477.318112, 7
1558601477.334941, 6
1558601477.350206, 7
1558601477.366848, 6
1558601477.381165, 8
1558601477.397297, 7
1558601477.413678, 8
1558601477.430354, 7
1558601477.447694, 8
1558601477.464180, 8
1558601477.479417, 9
1558601477.495141, 10
1558601477.512101, 9
1558601477.530641, 10
1558601477.546539, 9
1558601477.561262, 9
1558601477.576856, 9
1558601477.594089, 10
1558601477.609732, 10
1558601477.625577, 8
1558601477.642059, 8
1558601477.658070, 4
1558601477.674315, 2
1558601477.689200, 2
1558601477.705049, 2
1558601477.720390, 4
1558601477.735630, 3
1558601477.750372, 3
1558601477.764630, 3
1558601477.780069, 4
1558601477.795581, 6
1558601477.816164, 4
1558601477.831461, 4
1558601477.846707, 4
1558601477.861701, 6
1558601477.877680, 7
1558601477.894172, 5
1558601477.909754, 8
1558601477.924645, 6
1558601477.940964, 7
1558601477.955512, 6
1558601477.970917, 8
1558601477.985703, 8
1558601478.001658, 9
1558601478.017928, 9
1558601478.034254, 9
1558601478.048877, 8
1558601478.063917, 9
1558601478.080388, 9
1558601478.097001, 9
1558601478.113080, 9
1558601478.128566, 8
1558601478.144271, 9
1558601478.159992, 9
1558601478.177374, 6
1558601478.195504, 2
1558601478.212668, 2
1558601478.229255, 2
1558601478.244978, 3
1558601478.261059, 3
1558601478.276950, 3
1558601478.292414, 4
1558601478.308328, 4
1558601478.323916, 5
1558601478.338139, 4
1558601478.351836, 5
1558601478.366068, 4
1558601478.380252, 6
1558601478.394825, 5
1558601478.410227, 6
1558601478.424953, 6
1558601478.438872, 6
1558601478.453092, 5
1558601478.466510, 6
1558601478.481336, 7
1558601478.495889, 7
1558601478.511705, 9
1558601478.527511, 8
1558601478.542123, 9
1558601478.557084, 8
1558601478.571328, 7
1558601478.585080, 9
1558601478.601831, 9
1558601478.618173, 9
1558601478.634959, 8
1558601478.650712, 9
1558601478.665621, 7
1558601478.679744, 4
1558601478.694402, 2
1558601478.719616, 3
1558601478.738560, 3
1558601478.752892, 3
1558601478.766734, 4
1558601478.781061, 3
1558601478.796582, 4
1558601478.811923, 4
1558601478.827419, 4
1558601478.842571, 5
1558601478.858619, 5
1558601478.873210, 6
1558601478.888467, 5
1558601478.903134, 5
1558601478.918478, 6
1558601478.933405, 7
1558601478.947699, 6
1558601478.962674, 6
1558601478.978924, 8
1558601478.995042, 7
1558601479.010647, 9
1558601479.027161, 8
1558601479.043088, 9
1558601479.059467, 7
1558601479.075551, 7
1558601479.090939, 9
1558601479.106682, 8
1558601479.121330, 9
1558601479.137850, 9
1558601479.153496, 7
1558601479.168640, 8
1558601479.183281, 8
1558601479.198457, 6
1558601479.214469, 3
1558601479.228751, 3
1558601479.243702, 2
1558601479.258962, 2
1558601479.274614, 3
1558601479.289702, 3
1558601479.304736, 4
1558601479.320085, 4
1558601479.334731, 4
1558601479.350121, 3
1558601479.364946, 5
1558601479.379107, 5
1558601479.394845, 5
1558601479.413502, 5
1558601479.429086, 6
1558601479.444701, 6
1558601479.460670, 6
1558601479.476498, 7
1558601479.492964, 7
1558601479.508677, 6
1558601479.523628, 8
1558601479.538475, 7
1558601479.553162, 7
1558601479.567595, 8
1558601479.582610, 8
1558601479.598129, 8
1558601479.613791, 8
1558601479.628673, 9
1558601479.643885, 8
1558601479.659491, 8
1558601479.674152, 9
1558601479.689015, 8
1558601479.704216, 2
1558601479.718824, 2
1558601479.732904, 2
1558601479.747436, 2
1558601479.762494, 3
1558601479.778100, 3
1558601479.794596, 1
1558601479.810530, 4
1558601479.826712, 4
1558601479.842897, 4
1558601479.858931, 4
1558601479.874934, 3
1558601479.890577, 4
1558601479.905298, 6
1558601479.920487, 7
1558601479.935650, 6
1558601479.949727, 5
1558601479.964555, 7
1558601479.980233, 7
1558601479.994497, 7
1558601480.009828, 6
1558601480.026047, 8
1558601480.041294, 7
1558601480.056450, 8
1558601480.071453, 9
1558601480.086788, 8
1558601480.102612, 6
1558601480.118498, 8
1558601480.135120, 9
1558601480.149849, 8
1558601480.164584, 7
1558601480.179797, 8
1558601480.194776, 7
1558601480.209714, 2
1558601480.224998, 3
1558601480.239598, 2
1558601480.253439, 3
1558601480.267811, 2
1558601480.281807, 2
1558601480.295924, 3
1558601480.309868, 4
1558601480.323828, 5
1558601480.338017, 4
1558601480.351988, 5
1558601480.366056, 5
1558601480.380240, 5
1558601480.395121, 5
1558601480.411688, 5
1558601480.425640, 6
1558601480.440846, 6
1558601480.455648, 5
1558601480.469966, 6
1558601480.484012, 7
1558601480.499087, 7
1558601480.514821, 6
1558601480.529083, 8
1558601480.545361, 8
1558601480.560834, 7
1558601480.575853, 8
1558601480.590225, 8
1558601480.604572, 7
1558601480.618446, 9
1558601480.632230, 10
1558601480.646959, 8
1558601480.666425, 9
1558601480.686563, 8
1558601480.706267, 3
1558601480.720800, 1
1558601480.736030, 2
1558601480.754787, 4
1558601480.770076, 2
1558601480.785541, 3
1558601480.800635, 4
1558601480.815418, 3
1558601480.829953, 5
1558601480.845294, 3
1558601480.861868, 5
1558601480.877285, 5
1558601480.894082, 5
1558601480.909992, 5
1558601480.926609, 5
1558601480.941752, 7
1558601480.957230, 6
1558601480.980346, 5
1558601481.001080, 6
1558601481.025494, 9
1558601481.062183, 7
1558601481.086553, 6
1558601481.101293, 7
1558601481.116263, 3
1558601481.132417, 1
1558601481.147700, 2
1558601481.163830, 1
1558601481.179321, 2
1558601481.197471, 3
1558601481.212239, 2
1558601481.226691, 2
1558601481.241636, 4
1558601481.257515, 3
1558601481.273183, 3
1558601481.288592, 5
1558601481.304030, 4
1558601481.319229, 5
1558601481.334702, 5
1558601481.350020, 6
1558601481.364663, 5
1558601481.380754, 5
1558601481.395687, 6
1558601481.411600, 6
1558601481.426693, 6
1558601481.442748, 7
1558601481.458177, 7
1558601481.476494, 7
1558601481.493016, 7
1558601481.507971, 8
1558601481.522859, 8
1558601481.538271, 7
1558601481.553022, 10
1558601481.568582, 8
1558601481.585784, 8
1558601481.603125, 10
1558601481.619238, 9
1558601481.634937, 9
1558601481.651297, 9
1558601481.668125, 8
1558601481.683034, 8
1558601481.698565, 10
1558601481.714397, 6
1558601481.729447, 2
1558601481.744601, 3
1558601481.759255, 2
1558601481.774211, 3
1558601481.788588, 3
1558601481.804624, 2
1558601481.819390, 3
1558601481.836239, 3
1558601481.852217, 5
1558601481.868567, 4
1558601481.885477, 5
1558601481.901181, 6
1558601481.916149, 5
1558601481.931673, 6
1558601481.946465, 8
1558601481.960791, 6
1558601481.975305, 7
1558601481.989943, 7
1558601482.005892, 8
1558601482.022794, 7
1558601482.040655, 7
1558601482.058829, 8
1558601482.073334, 7
1558601482.088410, 8
1558601482.102949, 9
1558601482.117245, 9
1558601482.134363, 8
1558601482.153181, 10
1558601482.172770, 7
1558601482.187986, 8
1558601482.203006, 9
1558601482.218920, 7
1558601482.232726, 2
1558601482.246609, 2
1558601482.262582, 2
1558601482.277987, 2
1558601482.293843, 2
1558601482.308985, 3
1558601482.324271, 4
1558601482.339782, 3
1558601482.355944, 4
1558601482.371354, 4
1558601482.386583, 5
1558601482.401960, 4
1558601482.417630, 4
1558601482.433279, 5
1558601482.448220, 7
1558601482.463747, 7
1558601482.478947, 6
1558601482.499760, 6
1558601482.519208, 6
1558601482.538662, 7
1558601482.558538, 8
1558601482.581701, 5
1558601482.596430, 7
1558601482.611533, 8
1558601482.626734, 8
1558601482.642637, 8
1558601482.660377, 10
1558601482.675235, 9
1558601482.690997, 9
1558601482.706502, 8
1558601482.721977, 7
1558601482.737730, 0
1558601482.752299, 6
1558601482.768646, 2
1558601482.785249, 3
1558601482.801452, 2
1558601482.816724, 2
1558601482.831627, 3
1558601482.846542, 4
1558601482.862129, 4
1558601482.876709, 4
1558601482.891810, 5
1558601482.906791, 5
1558601482.922675, 5
1558601482.938994, 5
1558601482.954995, 7
1558601482.971122, 6
1558601482.987371, 5
1558601483.003360, 6
1558601483.019574, 7
1558601483.036367, 6
1558601483.051946, 9
1558601483.068106, 8
1558601483.083842, 7
1558601483.105213, 9
1558601483.138169, 7
1558601483.169863, 8
1558601483.193822, 8
1558601483.208548, 7
1558601483.222953, 7
1558601483.236968, 3
1558601483.251230, 2
1558601483.266184, 2
1558601483.281020, 2
1558601483.295850, 3
1558601483.311170, 2
1558601483.325223, 3
1558601483.341256, 3
1558601483.357134, 5
1558601483.374669, 4
1558601483.390118, 4
1558601483.407634, 5
1558601483.423294, 5
1558601483.439472, 5
1558601483.455726, 6
1558601483.471721, 5
1558601483.486484, 5
1558601483.503110, 6
1558601483.518759, 5
1558601483.534203, 6
1558601483.550055, 6
1558601483.564433, 8
1558601483.579585, 7
1558601483.595908, 8
1558601483.615987, 8
1558601483.634467, 9
1558601483.650264, 9
1558601483.665784, 9
1558601483.680913, 8
1558601483.696364, 9
1558601483.712107, 9
1558601483.727045, 9
1558601483.746114, 9
1558601483.762121, 10
1558601483.779433, 9
1558601483.794090, 8
1558601483.809146, 9
1558601483.825213, 8
1558601483.841634, 2
1558601483.857239, 3
1558601483.873126, 3
1558601483.888339, 3
1558601483.902399, 3
1558601483.917278, 2
1558601483.933109, 3
1558601483.948849, 3
1558601483.963825, 5
1558601483.978263, 5
1558601483.993328, 4
1558601484.009353, 5
1558601484.025480, 4
1558601484.041071, 5
1558601484.056276, 5
1558601484.071231, 7
1558601484.085423, 7
1558601484.101149, 6
1558601484.115937, 7
1558601484.130888, 6
1558601484.146036, 7
1558601484.161183, 8
1558601484.176459, 8
1558601484.191352, 8
1558601484.206643, 7
1558601484.221392, 7
1558601484.236414, 8
1558601484.250162, 8
1558601484.264871, 9
1558601484.280452, 9
1558601484.295956, 9
1558601484.310552, 9
1558601484.324693, 7
1558601484.339851, 3
1558601484.354744, 1
1558601484.369389, 3
1558601484.384289, 4
1558601484.401866, 2
1558601484.415786, 2
1558601484.430372, 3
1558601484.446894, 4
1558601484.466488, 4
1558601484.486807, 4
1558601484.506147, 4
1558601484.524922, 5
1558601484.543918, 5
1558601484.561578, 5
1558601484.580762, 6
1558601484.599866, 6
1558601484.620511, 6
1558601484.641225, 7
1558601484.660360, 5
1558601484.675690, 8
1558601484.690636, 7
1558601484.704833, 8
1558601484.722011, 8
1558601484.743253, 9
1558601484.774914, 8
1558601484.790655, 8
1558601484.807962, 9
1558601484.822633, 9
1558601484.837271, 9
1558601484.851893, 9
1558601484.867265, 9
1558601484.882553, 9
1558601484.898421, 9
1558601484.916193, 8
1558601484.931615, 3
1558601484.947046, 4
1558601484.962116, 1
1558601484.977358, 4
1558601484.991230, 3
1558601485.006170, 2
1558601485.020959, 3
1558601485.041077, 5
1558601485.057028, 4
1558601485.072845, 5
1558601485.088348, 4
1558601485.103345, 5
1558601485.118145, 6
1558601485.134535, 5
1558601485.150748, 7
1558601485.166027, 6
1558601485.181430, 7
1558601485.197004, 7
1558601485.213328, 7
1558601485.228959, 6
1558601485.244202, 7
1558601485.259534, 8
1558601485.274683, 9
1558601485.289391, 8
1558601485.304360, 9
1558601485.319719, 9
1558601485.334521, 8
1558601485.348867, 8
1558601485.363847, 10
1558601485.378788, 9
1558601485.393747, 9
1558601485.414842, 9
1558601485.434559, 5
1558601485.454747, 2
1558601485.469775, 3
1558601485.484564, 3
1558601485.499370, 2
1558601485.514597, 2
1558601485.530659, 3
1558601485.545957, 3
1558601485.560616, 3
1558601485.576242, 4
1558601485.591488, 5
1558601485.606577, 4
1558601485.622135, 5
1558601485.637579, 5
1558601485.652316, 5
1558601485.667350, 5
1558601485.682254, 5
1558601485.703890, 6
1558601485.718674, 6
1558601485.733499, 6
1558601485.748386, 8
1558601485.763627, 7
1558601485.779367, 9
1558601485.794205, 7
1558601485.809297, 8
1558601485.824373, 8
1558601485.838714, 9
1558601485.855905, 7
1558601485.870769, 8
1558601485.885647, 8
1558601485.901055, 7
1558601485.916117, 8
1558601485.931201, 8
1558601485.946761, 6
1558601485.962558, 3
1558601485.977247, 2
1558601485.992111, 2
1558601486.006975, 4
1558601486.022737, 2
1558601486.038513, 3
1558601486.055007, 3
1558601486.069641, 3
1558601486.083870, 5
1558601486.099491, 5
1558601486.114806, 4
1558601486.130147, 4
1558601486.144217, 5
1558601486.159657, 5
1558601486.174925, 6
1558601486.191242, 7
1558601486.206638, 6
1558601486.222772, 7
1558601486.243244, 6
1558601486.258134, 7
1558601486.278110, 9
1558601486.298763, 7
1558601486.318252, 8
1558601486.336355, 7
1558601486.355782, 9
1558601486.374838, 8
1558601486.391507, 10
1558601486.406445, 8
1558601486.421894, 8
1558601486.436861, 9
1558601486.452578, 8
1558601486.470504, 3
1558601486.485023, 3
1558601486.500167, 3
1558601486.515624, 0
1558601486.530756, 4
1558601486.546057, 3
1558601486.566413, 3
1558601486.585669, 5
1558601486.606450, 4
1558601486.624728, 4
1558601486.639648, 5
1558601486.654594, 5
1558601486.669821, 4
1558601486.685354, 6
1558601486.700600, 6
1558601486.715850, 6
1558601486.731279, 5
1558601486.746173, 6
1558601486.760965, 6
1558601486.775010, 6
1558601486.791219, 7
1558601486.808474, 8
1558601486.825492, 7
1558601486.841589, 8
1558601486.857574, 8
1558601486.872605, 8
1558601486.887464, 10
1558601486.902486, 10
1558601486.918021, 9
1558601486.933775, 8
1558601486.949056, 9
1558601486.964011, 7
1558601486.978961, 2
1558601486.993367, 1
1558601487.007812, 2
1558601487.021800, 4
1558601487.037213, 2
1558601487.053864, 3
1558601487.069355, 4
1558601487.085632, 4
1558601487.100855, 4
1558601487.116094, 4
1558601487.132806, 5
1558601487.147216, 6
1558601487.161989, 5
1558601487.177154, 6
1558601487.193219, 7
1558601487.210763, 6
1558601487.226668, 5
1558601487.242396, 6
1558601487.257395, 6
1558601487.272230, 7
1558601487.287749, 8
1558601487.303189, 9
1558601487.317688, 7
1558601487.331997, 8
1558601487.347981, 8
1558601487.363586, 8
1558601487.378520, 8
1558601487.393081, 10
1558601487.407795, 10
1558601487.422105, 8
1558601487.437302, 8
1558601487.452692, 8
1558601487.467767, 6
1558601487.482533, 2
1558601487.498526, 2
1558601487.513413, 2
1558601487.527788, 1
1558601487.543176, 2
1558601487.562123, 2
1558601487.582409, 4
1558601487.597841, 4
1558601487.613740, 3
1558601487.629382, 4
1558601487.646215, 4
1558601487.661473, 4
1558601487.676643, 4
1558601487.691439, 7
1558601487.706621, 6
1558601487.722198, 6
1558601487.737727, 7
1558601487.757024, 6
1558601487.776771, 6
1558601487.796123, 8
1558601487.818650, 7
1558601487.836609, 8
1558601487.851880, 8
1558601487.865797, 8
1558601487.881457, 7
1558601487.896962, 10
1558601487.912033, 10
1558601487.927500, 9
1558601487.942731, 7
1558601487.957396, 8
1558601487.971632, 6
1558601487.987468, 3
1558601488.001970, 2
1558601488.017486, 1
1558601488.032427, 3
1558601488.046385, 3
1558601488.060258, 3
1558601488.075411, 4
1558601488.090601, 3
1558601488.106022, 3
1558601488.121407, 5
1558601488.137258, 5
1558601488.152423, 5
1558601488.167618, 5
1558601488.182264, 5
1558601488.197803, 6
1558601488.214009, 6
1558601488.229273, 5
1558601488.244670, 6
1558601488.259738, 7
1558601488.274379, 7
1558601488.289998, 8
1558601488.305142, 9
1558601488.320042, 7
1558601488.336041, 8
1558601488.350790, 9
1558601488.367441, 9
1558601488.381143, 9
1558601488.395398, 9
1558601488.410955, 9
1558601488.425746, 8
1558601488.440144, 9
1558601488.455029, 9
1558601488.470148, 5
1558601488.485361, 2
1558601488.500580, 3
1558601488.516127, 2
1558601488.531375, 2
1558601488.546490, 2
1558601488.561418, 3
1558601488.576565, 4
1558601488.592218, 3
1558601488.606829, 5
1558601488.621968, 5
1558601488.636854, 4
1558601488.652432, 5
1558601488.671818, 6
1558601488.691140, 5
1558601488.710832, 5
1558601488.730082, 6
1558601488.748777, 7
1558601488.767951, 7
1558601488.786904, 7
1558601488.806464, 8
1558601488.826780, 7
1558601488.843265, 8
1558601488.857290, 8
1558601488.872313, 9
1558601488.890565, 8
1558601488.906622, 10
1558601488.921970, 8
1558601488.936291, 8
1558601488.951522, 9
1558601488.966569, 6
1558601488.981992, 2
1558601488.998060, 3
1558601489.013834, 2
1558601489.029536, 2
1558601489.044072, 3
1558601489.060595, 2
1558601489.075527, 4
1558601489.090261, 3
1558601489.104943, 5
1558601489.119798, 5
1558601489.134862, 5
1558601489.150255, 4
1558601489.174273, 6
1558601489.209922, 3
1558601489.227560, 6
1558601489.242447, 5
1558601489.257893, 7
1558601489.273585, 7
1558601489.294086, 6
1558601489.309999, 8
1558601489.326593, 7
1558601489.341092, 7
1558601489.357039, 9
1558601489.372428, 8
1558601489.388078, 9
1558601489.405406, 9
1558601489.420374, 10
1558601489.436055, 8
1558601489.451909, 8
1558601489.467612, 8
1558601489.482776, 6
1558601489.499184, 2
1558601489.514600, 2
1558601489.529698, 2
1558601489.545280, 3
1558601489.560716, 3
1558601489.575986, 2
1558601489.591116, 3
1558601489.605719, 4
1558601489.620973, 4
1558601489.635394, 4
1558601489.650546, 4
1558601489.666608, 4
1558601489.682153, 4
1558601489.697836, 5
1558601489.712890, 5
1558601489.727929, 6
1558601489.742874, 6
1558601489.757893, 6
1558601489.773214, 7
1558601489.789031, 5
1558601489.804458, 8
1558601489.819042, 8
1558601489.851237, 7
1558601489.867631, 7
1558601489.881869, 8
1558601489.896352, 7
1558601489.911713, 9
1558601489.927297, 8
1558601489.942782, 9
1558601489.957793, 8
1558601489.973423, 9
1558601489.988928, 9
1558601490.004038, 9
1558601490.019737, 10
1558601490.034876, 9
1558601490.050611, 9
1558601490.065457, 9
1558601490.080788, 3
1558601490.095874, 2
1558601490.110830, 2
1558601490.126662, 1
1558601490.142149, 3
1558601490.157398, 4
1558601490.171915, 3
1558601490.187111, 3
1558601490.202499, 4
1558601490.217844, 4
1558601490.233694, 4
1558601490.254951, 5
1558601490.273685, 5
1558601490.292189, 5
1558601490.311044, 8
1558601490.331298, 6
1558601490.350675, 7
1558601490.369518, 7
1558601490.389390, 7
1558601490.408469, 8
1558601490.427797, 10
1558601490.443959, 8
1558601490.458733, 9
1558601490.474475, 9
1558601490.488637, 8
1558601490.504108, 9
1558601490.523132, 9
1558601490.541566, 10
1558601490.562530, 9
1558601490.581137, 7
1558601490.599913, 3
1558601490.619710, 2
1558601490.634752, 3
1558601490.648920, 3
1558601490.662960, 3
1558601490.676466, 3
1558601490.689942, 3
1558601490.705087, 4
1558601490.719186, 5
1558601490.733074, 5
1558601490.746836, 5
1558601490.760749, 6
1558601490.774382, 5
1558601490.788216, 6
1558601490.802690, 6
1558601490.816785, 7
1558601490.830737, 6
1558601490.845701, 7
1558601490.859689, 6
1558601490.873416, 6
1558601490.887750, 7
1558601490.901508, 7
1558601490.915298, 9
1558601490.930273, 8
1558601490.944979, 8
1558601490.959484, 9
1558601490.973930, 8
1558601490.987666, 8
1558601491.002053, 9
1558601491.016452, 9
1558601491.030204, 9
1558601491.044903, 8
1558601491.061142, 8
1558601491.077109, 9
1558601491.092148, 2
1558601491.107898, 2
1558601491.124050, 2
1558601491.139568, 1
1558601491.154611, 3
1558601491.169734, 2
1558601491.185611, 4
1558601491.201193, 4
1558601491.215874, 6
1558601491.232155, 4
1558601491.249188, 4
1558601491.264865, 5
1558601491.280802, 5
1558601491.296588, 5
1558601491.311559, 5
1558601491.326539, 7
1558601491.341879, 6
1558601491.358415, 7
1558601491.374049, 6
1558601491.388812, 6
1558601491.404131, 6
1558601491.419083, 9
1558601491.433724, 8
1558601491.448039, 7
1558601491.463348, 8
1558601491.478257, 7
1558601491.493154, 7
1558601491.508410, 8
1558601491.523500, 10
1558601491.538818, 9
1558601491.554263, 8
1558601491.569964, 10
1558601491.585590, 10
1558601491.600428, 9
1558601491.617108, 9
1558601491.632421, 9
1558601491.646462, 8
1558601491.661749, 8
1558601491.677592, 7
1558601491.697466, 3
1558601491.717843, 3
1558601491.736445, 3
1558601491.755558, 2
1558601491.775465, 4
1558601491.794846, 4
1558601491.815224, 4
1558601491.833839, 4
1558601491.853265, 5
1558601491.874127, 5
1558601491.894478, 5
1558601491.914891, 6
1558601491.934744, 7
1558601491.954986, 6
1558601491.974549, 7
1558601491.992826, 8
1558601492.009753, 8
1558601492.026511, 9
1558601492.042077, 8
1558601492.061795, 9
1558601492.077485, 8
1558601492.092539, 8
1558601492.107809, 9
1558601492.122237, 9
1558601492.136472, 9
1558601492.151653, 9
1558601492.167255, 10
1558601492.182401, 10
1558601492.196798, 9
1558601492.211173, 8
1558601492.226082, 10
1558601492.240929, 6
1558601492.257421, 2
1558601492.273058, 2
1558601492.287087, 1
1558601492.302236, 0
1558601492.317764, 1
1558601492.333830, 1
1558601492.349202, 3
1558601492.364701, 0
1558601492.379862, 1
1558601492.394597, 3
1558601492.409773, 2
1558601492.425307, 2
1558601492.441044, 4
1558601492.456734, 2
1558601492.472407, 2
1558601492.492188, 2
1558601492.512063, 4
1558601492.532276, 2
1558601492.547077, 3
1558601492.562113, 4
1558601492.581465, 4
1558601492.600600, 4
1558601492.620258, 5
1558601492.640326, 6
1558601492.662830, 5
1558601492.681051, 6
1558601492.700222, 7
1558601492.719138, 6
1558601492.737952, 7
1558601492.756308, 7
1558601492.775109, 7
1558601492.794489, 7
1558601492.814894, 7
1558601492.835132, 8
1558601492.854886, 9
1558601492.868944, 9
1558601492.884053, 8
1558601492.898130, 9
1558601492.913671, 9
1558601492.928676, 9
1558601492.943603, 10
1558601492.962977, 8
1558601492.983829, 8
1558601493.002825, 2
1558601493.020839, 2
1558601493.041068, 3
1558601493.059933, 3
1558601493.079811, 3
1558601493.097276, 3
1558601493.112903, 3
1558601493.128212, 3
1558601493.143032, 4
1558601493.157962, 4
1558601493.173341, 4
1558601493.188098, 5
1558601493.203549, 5
1558601493.218458, 5
1558601493.232954, 6
1558601493.247943, 7
1558601493.267799, 5
1558601493.287474, 7
1558601493.306145, 8
1558601493.326096, 8
1558601493.345818, 9
1558601493.365400, 8
1558601493.385330, 8
1558601493.405566, 9
1558601493.424538, 9
1558601493.444008, 10
1558601493.459446, 9
1558601493.474620, 8
1558601493.490272, 8
1558601493.505491, 9
1558601493.520565, 7
1558601493.535337, 3
1558601493.550213, 1
1558601493.564449, 3
1558601493.583170, 4
1558601493.602136, 2
1558601493.622030, 3
1558601493.641484, 3
1558601493.656278, 3
1558601493.671037, 3
1558601493.686588, 4
1558601493.702045, 5
1558601493.717877, 4
1558601493.733379, 6
1558601493.749334, 6
1558601493.764423, 5
1558601493.779992, 5
1558601493.795201, 6
1558601493.810633, 6
1558601493.826602, 7
1558601493.841392, 7
1558601493.856619, 8
1558601493.871074, 7
1558601493.885894, 7
1558601493.901283, 8
1558601493.916334, 8
1558601493.931031, 9
1558601493.945794, 9
1558601493.961309, 9
1558601493.977349, 9
1558601493.992182, 10
1558601494.007287, 9
1558601494.023696, 9
1558601494.038748, 9
1558601494.053333, 9
1558601494.068148, 9
1558601494.083542, 8
1558601494.098536, 6
1558601494.113985, 4
1558601494.128527, 2
1558601494.144322, 3
1558601494.159086, 3
1558601494.175028, 2
1558601494.190777, 4
1558601494.206536, 4
1558601494.221197, 3
1558601494.236406, 3
1558601494.251238, 5
1558601494.266073, 3
1558601494.281797, 5
1558601494.297822, 5
1558601494.313165, 5
1558601494.328339, 6
1558601494.343543, 8
1558601494.358709, 6
1558601494.373782, 6
1558601494.388706, 7
1558601494.403619, 8
1558601494.418927, 7
1558601494.433676, 8
1558601494.448825, 9
1558601494.463508, 8
1558601494.478877, 8
1558601494.494169, 9
1558601494.508751, 9
1558601494.523644, 9
1558601494.538976, 8
1558601494.553830, 9
1558601494.568812, 8
1558601494.584074, 9
1558601494.599409, 7
1558601494.614537, 8
1558601494.629549, 2
1558601494.644670, 3
1558601494.659872, 1
1558601494.673965, 4
1558601494.689099, 2
1558601494.704394, 3
1558601494.719976, 2
1558601494.734723, 3
1558601494.754777, 4
1558601494.776070, 5
1558601494.795843, 6
1558601494.814807, 4
1558601494.834635, 5
1558601494.854077, 7
1558601494.873103, 5
1558601494.888150, 6
1558601494.902882, 6
1558601494.917521, 7
1558601494.933212, 6
1558601494.947691, 8
1558601494.962848, 9
1558601494.978458, 7
1558601494.993873, 7
1558601495.009063, 8
1558601495.024052, 8
1558601495.038709, 8
1558601495.053943, 9
1558601495.074098, 8
1558601495.092347, 8
1558601495.111861, 6
1558601495.133392, 3
1558601495.152499, 3
1558601495.172547, 0
1558601495.191236, 2
1558601495.210971, 2
1558601495.229216, 3
1558601495.248646, 5
1558601495.268800, 3
1558601495.284484, 5
1558601495.299855, 5
1558601495.314827, 4
1558601495.330630, 5
1558601495.349914, 7
1558601495.368626, 6
1558601495.388453, 6
1558601495.406739, 6
1558601495.426424, 6
1558601495.445285, 6
1558601495.463233, 9
1558601495.482256, 7
1558601495.501972, 8
1558601495.518087, 8
1558601495.533788, 8
1558601495.549068, 8
1558601495.565071, 9
1558601495.579361, 8
1558601495.594834, 7
1558601495.610056, 9
1558601495.625573, 5
1558601495.641024, 3
1558601495.655436, 3
1558601495.671102, 2
1558601495.686984, 3
1558601495.702857, 2
1558601495.718354, 3
1558601495.733046, 3
1558601495.748558, 2
1558601495.763847, 4
1558601495.779062, 5
1558601495.795914, 4
1558601495.811907, 5
1558601495.826868, 4
1558601495.842057, 6
1558601495.857758, 7
1558601495.878212, 5
1558601495.898620, 7
1558601495.918215, 7
1558601495.938221, 7
1558601495.958604, 9
1558601495.974138, 7
1558601495.989059, 8
1558601496.004403, 8
1558601496.019927, 8
1558601496.034907, 7
1558601496.050712, 8
1558601496.065921, 9
1558601496.082219, 7
1558601496.097545, 8
1558601496.117443, 8
1558601496.136183, 2
1558601496.151502, 2
1558601496.165638, 1
1558601496.181346, 3
1558601496.200991, 2
1558601496.216082, 3
1558601496.230800, 3
1558601496.246672, 3
1558601496.262374, 5
1558601496.276084, 4
1558601496.291824, 5
1558601496.307924, 5
1558601496.323193, 4
1558601496.337730, 6
1558601496.352045, 6
1558601496.367152, 7
1558601496.382184, 6
1558601496.397719, 7
1558601496.413413, 5
1558601496.428324, 6
1558601496.443451, 8
1558601496.458768, 7
1558601496.475113, 8
1558601496.491743, 7
1558601496.506777, 9
1558601496.521181, 8
155860