1558601966.405239, 0
1558601966.420222, 0
1558601966.435007, 2
1558601966.449117, 0
1558601966.466487, 1
1558601966.481780, 6
1558601966.497729, 2
1558601966.516598, 14
1558601966.536425, 18
1558601966.557261, 20
1558601966.577538, 26
1558601966.597465, 32
1558601966.617177, 38
1558601966.636420, 41
1558601966.651513, 47
1558601966.666744, 52
1558601966.686539, 56
1558601966.705421, 62
1558601966.724980, 69
1558601966.745156, 72
1558601966.764890, 79
1558601966.785490, 82
1558601966.800882, 86
1558601966.816093, 92
1558601966.831907, 97
1558601966.846463, 99
1558601966.862508, 100
1558601966.878579, 99
1558601966.894851, 99
1558601966.909420, 99
1558601966.924698, 100
1558601966.940393, 100
1558601966.955198, 100
1558601966.969729, 100
1558601966.985339, 99
1558601967.001022, 100
1558601967.017358, 100
1558601967.032256, 100
1558601967.047777, 99
1558601967.067050, 100
1558601967.086642, 100
1558601967.105702, 99
1558601967.124807, 100
1558601967.140388, 100
1558601967.155067, 100
1558601967.169845, 100
1558601967.184720, 100
1558601967.200082, 99
1558601967.215299, 99
1558601967.230231, 99
1558601967.245318, 100
1558601967.260331, 100
1558601967.275904, 100
1558601967.292323, 100
1558601967.306731, 99
1558601967.321355, 99
1558601967.336389, 100
1558601967.350422, 100
1558601967.365365, 100
1558601967.380443, 99
1558601967.395668, 100
1558601967.410773, 100
1558601967.426752, 100
1558601967.442043, 100
1558601967.457524, 98
1558601967.473321, 99
1558601967.488915, 100
1558601967.504927, 99
1558601967.520074, 99
1558601967.535965, 100
1558601967.550957, 100
1558601967.566573, 99
1558601967.581779, 97
1558601967.596868, 99
1558601967.611237, 99
1558601967.627089, 99
1558601967.642414, 99
1558601967.658474, 100
1558601967.673347, 99
1558601967.687473, 100
1558601967.702155, 99
1558601967.716819, 99
1558601967.731229, 100
1558601967.747319, 99
1558601967.761093, 100
1558601967.775380, 99
1558601967.790342, 99
1558601967.804559, 97
1558601967.819369, 99
1558601967.834373, 100
1558601967.848601, 99
1558601967.863190, 99
1558601967.878975, 99
1558601967.894052, 98
1558601967.909080, 98
1558601967.924559, 99
1558601967.939792, 100
1558601967.955977, 99
1558601967.970498, 94
1558601967.985563, 96
1558601967.999532, 95
1558601968.013743, 95
1558601968.028160, 98
1558601968.042393, 96
1558601968.057325, 97
1558601968.071572, 98
1558601968.086780, 98
1558601968.102211, 100
1558601968.116884, 96
1558601968.132746, 94
1558601968.147773, 94
1558601968.162683, 97
1558601968.177689, 99
1558601968.192264, 95
1558601968.207404, 95
1558601968.222496, 94
1558601968.237173, 95
1558601968.251566, 99
1558601968.266221, 99
1558601968.280807, 96
1558601968.296704, 95
1558601968.311199, 97
1558601968.326492, 97
1558601968.341076, 98
1558601968.356564, 96
1558601968.372585, 99
1558601968.388228, 99
1558601968.403337, 95
1558601968.417961, 94
1558601968.433520, 99
1558601968.448372, 98
1558601968.463585, 97
1558601968.478623, 99
1558601968.495441, 98
1558601968.510700, 98
1558601968.525589, 95
1558601968.541182, 96
1558601968.556033, 100
1558601968.572514, 96
1558601968.587734, 99
1558601968.602590, 99
1558601968.618367, 95
1558601968.632712, 90
1558601968.647969, 87
1558601968.662559, 86
1558601968.677776, 83
1558601968.692556, 80
1558601968.708083, 75
1558601968.725435, 72
1558601968.745401, 66
1558601968.764456, 65
1558601968.784193, 61
1558601968.803300, 61
1558601968.818834, 61
1558601968.833287, 60
1558601968.848112, 58
1558601968.862643, 57
1558601968.877758, 51
1558601968.892138, 47
1558601968.907370, 41
1558601968.922490, 38
1558601968.936498, 37
1558601968.951906, 38
1558601968.966229, 37
1558601968.981182, 36
1558601968.995929, 36
1558601969.011349, 35
1558601969.028862, 36
1558601969.043932, 35
1558601969.058754, 35
1558601969.073151, 34
1558601969.088234, 33
1558601969.103494, 35
1558601969.118430, 34
1558601969.134570, 35
1558601969.149270, 34
1558601969.164048, 36
1558601969.179638, 34
1558601969.194393, 35
1558601969.208871, 35
1558601969.223929, 36
1558601969.239466, 34
1558601969.255211, 35
1558601969.269571, 35
1558601969.285047, 35
1558601969.300862, 35
1558601969.316468, 35
1558601969.331001, 35
1558601969.346584, 35
1558601969.361939, 35
1558601969.376661, 36
1558601969.392307, 35
1558601969.412119, 36
1558601969.433181, 36
1558601969.453871, 35
1558601969.470942, 35
1558601969.486266, 37
1558601969.501038, 37
1558601969.516139, 36
1558601969.531634, 37
1558601969.546954, 36
1558601969.562386, 36
1558601969.577866, 37
1558601969.592827, 37
1558601969.608005, 37
1558601969.623913, 37
1558601969.639474, 37
1558601969.654528, 36
1558601969.669464, 37
1558601969.684636, 37
1558601969.699859, 38
1558601969.715444, 37
1558601969.731144, 37
1558601969.750647, 36
1558601969.769089, 37
1558601969.787648, 37
1558601969.808698, 38
1558601969.826136, 39
1558601969.844099, 37
1558601969.860389, 39
1558601969.879621, 38
1558601969.895956, 38
1558601969.915846, 39
1558601969.933296, 39
1558601969.950104, 39
1558601969.968534, 39
1558601969.984713, 39
1558601970.002574, 38
1558601970.018614, 39
1558601970.034492, 39
1558601970.052083, 38
1558601970.069952, 40
1558601970.085688, 39
1558601970.101298, 39
1558601970.117555, 39
1558601970.135118, 41
1558601970.150712, 40
1558601970.166901, 40
1558601970.184121, 41
1558601970.201377, 40
1558601970.216966, 40
1558601970.234187, 40
1558601970.251134, 40
1558601970.268537, 40
1558601970.286042, 41
1558601970.300932, 41
1558601970.317051, 41
1558601970.332285, 40
1558601970.350475, 41
1558601970.367483, 41
1558601970.385060, 40
1558601970.401131, 42
1558601970.418497, 41
1558601970.435903, 41
1558601970.451148, 42
1558601970.466021, 41
1558601970.484867, 41
1558601970.500038, 41
1558601970.515239, 40
1558601970.532884, 41
1558601970.548698, 40
1558601970.563220, 39
1558601970.582844, 42
1558601970.600112, 41
1558601970.615854, 41
1558601970.630816, 42
1558601970.647662, 42
1558601970.664405, 42
1558601970.679026, 42
1558601970.694630, 43
1558601970.709812, 42
1558601970.725452, 42
1558601970.741190, 42
1558601970.757179, 42
1558601970.772320, 43
1558601970.790985, 43
1558601970.806910, 42
1558601970.822119, 43
1558601970.841028, 44
1558601970.857828, 43
1558601970.873811, 43
1558601970.891536, 44
1558601970.906668, 43
1558601970.923360, 43
1558601970.941840, 43
1558601970.957497, 42
1558601970.971706, 43
1558601970.990051, 43
1558601971.006553, 43
1558601971.022130, 43
1558601971.038697, 43
1558601971.054229, 44
1558601971.071090, 42
1558601971.087309, 43
1558601971.103544, 44
1558601971.120912, 44
1558601971.138264, 43
1558601971.154564, 44
1558601971.171246, 44
1558601971.186560, 44
1558601971.201085, 44
1558601971.217332, 44
1558601971.233412, 45
1558601971.247780, 44
1558601971.262861, 43
1558601971.278583, 44
1558601971.293728, 45
1558601971.308929, 45
1558601971.323637, 46
1558601971.337692, 45
1558601971.352421, 47
1558601971.367738, 46
1558601971.382422, 47
1558601971.400892, 46
1558601971.417617, 47
1558601971.432297, 46
1558601971.453351, 46
1558601971.469183, 46
1558601971.483803, 46
1558601971.498724, 45
1558601971.515321, 46
1558601971.530404, 47
1558601971.546109, 45
1558601971.562508, 44
1558601971.576796, 45
1558601971.592298, 46
1558601971.610583, 46
1558601971.625509, 46
1558601971.640683, 47
1558601971.658596, 48
1558601971.674135, 48
1558601971.691351, 46
1558601971.706255, 47
1558601971.720459, 47
1558601971.736036, 46
1558601971.751448, 47
1558601971.767795, 47
1558601971.784699, 49
1558601971.799948, 47
1558601971.819197, 48
1558601971.834605, 47
1558601971.850081, 47
1558601971.865708, 46
1558601971.882684, 48
1558601971.897459, 47
1558601971.913054, 47
1558601971.929526, 47
1558601971.949376, 47
1558601971.969531, 48
1558601971.987400, 48
1558601972.002396, 47
1558601972.018237, 48
1558601972.032837, 47
1558601972.047702, 47
1558601972.062019, 46
1558601972.077752, 49
1558601972.095499, 48
1558601972.110408, 47
1558601972.125142, 48
1558601972.140771, 48
1558601972.155866, 48
1558601972.171106, 48
1558601972.186339, 49
1558601972.202797, 48
1558601972.218655, 48
1558601972.233421, 48
1558601972.248662, 48
1558601972.268467, 48
1558601972.289077, 49
1558601972.308288, 48
1558601972.327652, 48
1558601972.342062, 49
1558601972.357065, 49
1558601972.371610, 48
1558601972.386627, 50
1558601972.401330, 49
1558601972.416030, 50
1558601972.431003, 50
1558601972.445799, 49
1558601972.461020, 49
1558601972.476036, 49
1558601972.490967, 49
1558601972.506486, 49
1558601972.521406, 49
1558601972.536002, 49
1558601972.551228, 51
1558601972.566601, 50
1558601972.581098, 51
1558601972.596799, 51
1558601972.612148, 50
1558601972.627153, 50
1558601972.643018, 49
1558601972.659031, 51
1558601972.673651, 50
1558601972.688658, 51
1558601972.703645, 50
1558601972.719372, 50
1558601972.734081, 50
1558601972.749853, 50
1558601972.765506, 51
1558601972.780846, 50
1558601972.796409, 52
1558601972.811383, 52
1558601972.827296, 51
1558601972.841994, 52
1558601972.856840, 52
1558601972.872368, 52
1558601972.887087, 52
1558601972.902545, 50
1558601972.917645, 50
1558601972.933384, 51
1558601972.948886, 52
1558601972.964671, 51
1558601972.979827, 50
1558601972.995199, 52
1558601973.010661, 52
1558601973.026351, 51
1558601973.041474, 51
1558601973.057138, 52
1558601973.073018, 53
1558601973.087899, 53
1558601973.103878, 54
1558601973.118474, 53
1558601973.133154, 52
1558601973.148312, 52
1558601973.162784, 52
1558601973.177870, 52
1558601973.193240, 53
1558601973.209003, 52
1558601973.224097, 52
1558601973.239273, 51
1558601973.254986, 53
1558601973.270476, 52
1558601973.286154, 53
1558601973.301826, 53
1558601973.317186, 52
1558601973.335633, 52
1558601973.350822, 53
1558601973.365479, 53
1558601973.380929, 53
1558601973.395805, 53
1558601973.410818, 52
1558601973.426133, 52
1558601973.441353, 53
1558601973.455938, 52
1558601973.470605, 54
1558601973.487079, 53
1558601973.502564, 54
1558601973.520969, 53
1558601973.540556, 53
1558601973.559830, 53
1558601973.579999, 53
1558601973.600620, 54
1558601973.621077, 54
1558601973.641881, 55
1558601973.657131, 54
1558601973.676813, 53
1558601973.697459, 56
1558601973.716949, 53
1558601973.736626, 53
1558601973.755388, 54
1558601973.775306, 54
1558601973.794044, 56
1558601973.814159, 54
1558601973.834905, 55
1558601973.851372, 55
1558601973.866499, 55
1558601973.880948, 54
1558601973.896395, 56
1558601973.911649, 57
1558601973.927589, 55
1558601973.942729, 54
1558601973.961783, 56
1558601973.980453, 55
1558601974.000112, 56
1558601974.015543, 56
1558601974.030550, 55
1558601974.046126, 54
1558601974.065456, 56
1558601974.084987, 55
1558601974.103754, 56
1558601974.123524, 55
1558601974.142558, 55
1558601974.160627, 56
1558601974.179478, 55
1558601974.194605, 58
1558601974.209880, 56
1558601974.225072, 55
1558601974.240452, 56
1558601974.255999, 56
1558601974.270934, 56
1558601974.285995, 57
1558601974.301652, 58
1558601974.317135, 57
1558601974.333084, 57
1558601974.348134, 56
1558601974.362933, 56
1558601974.382455, 56
1558601974.400815, 58
1558601974.420227, 57
1558601974.438670, 56
1558601974.456397, 56
1558601974.474609, 56
1558601974.489768, 56
1558601974.505272, 58
1558601974.520071, 59
1558601974.535286, 57
1558601974.549889, 56
1558601974.565416, 57
1558601974.581166, 58
1558601974.596633, 57
1558601974.611703, 59
1558601974.627641, 59
1558601974.644228, 57
1558601974.658438, 57
1558601974.673564, 58
1558601974.688966, 57
1558601974.705097, 58
1558601974.720536, 58
1558601974.736011, 58
1558601974.751192, 57
1558601974.766873, 57
1558601974.782829, 59
1558601974.798557, 59
1558601974.814473, 58
1558601974.835832, 59
1558601974.850631, 58
1558601974.866602, 58
1558601974.881539, 59
1558601974.896327, 58
1558601974.910789, 59
1558601974.926130, 59
1558601974.942498, 59
1558601974.957765, 58
1558601974.973297, 57
1558601974.988583, 58
1558601975.003930, 60
1558601975.019341, 59
1558601975.034513, 60
1558601975.049682, 58
1558601975.065424, 59
1558601975.080383, 58
1558601975.094589, 60
1558601975.109255, 60
1558601975.124103, 60
1558601975.138707, 59
1558601975.153725, 59
1558601975.169315, 60
1558601975.184530, 59
1558601975.199148, 58
1558601975.214945, 60
1558601975.229582, 60
1558601975.245779, 58
1558601975.264835, 59
1558601975.284138, 59
1558601975.302848, 59
1558601975.318089, 61
1558601975.334815, 60
1558601975.349966, 58
1558601975.365664, 59
1558601975.381413, 60
1558601975.396554, 60
1558601975.411026, 61
1558601975.426393, 62
1558601975.441351, 60
1558601975.456603, 61
1558601975.471784, 59
1558601975.486933, 61
1558601975.502536, 60
1558601975.518493, 60
1558601975.534132, 62
1558601975.550166, 61
1558601975.564994, 60
1558601975.580410, 61
1558601975.600298, 60
1558601975.618732, 61
1558601975.640094, 62
1558601975.659207, 60
1558601975.678715, 60
1558601975.697349, 61
1558601975.718740, 62
1558601975.733793, 61
1558601975.752860, 61
1558601975.772682, 61
1558601975.792876, 60
1558601975.812432, 62
1558601975.827160, 62
1558601975.841362, 62
1558601975.856400, 61
1558601975.871624, 62
1558601975.886966, 62
1558601975.902108, 61
1558601975.917235, 62
1558601975.935852, 63
1558601975.955161, 60
1558601975.973655, 61
1558601975.994234, 61
1558601976.012143, 62
1558601976.030863, 64
1558601976.050848, 62
1558601976.069625, 63
1558601976.088956, 63
1558601976.115956, 63
1558601976.131502, 63
1558601976.147175, 64
1558601976.162895, 62
1558601976.178259, 63
1558601976.193294, 62
1558601976.208308, 61
1558601976.222988, 62
1558601976.238767, 63
1558601976.254237, 63
1558601976.269680, 62
1558601976.285284, 63
1558601976.304215, 61
1558601976.323777, 63
1558601976.343516, 63
1558601976.357759, 63
1558601976.372454, 63
1558601976.387537, 63
1558601976.402564, 63
1558601976.417889, 65
1558601976.433443, 64
1558601976.453610, 64
1558601976.469158, 64
1558601976.484585, 64
1558601976.499661, 63
1558601976.514762, 64
1558601976.534114, 65
1558601976.553738, 65
1558601976.572405, 63
1558601976.592333, 63
1558601976.610136, 64
1558601976.628947, 65
1558601976.648927, 64
1558601976.664580, 65
1558601976.679654, 64
1558601976.694906, 65
1558601976.710612, 64
1558601976.725840, 66
1558601976.741412, 65
1558601976.756784, 65
1558601976.772605, 64
1558601976.787590, 65
1558601976.802661, 65
1558601976.817718, 65
1558601976.832911, 65
1558601976.848603, 65
1558601976.862652, 66
1558601976.878388, 63
1558601976.893632, 64
1558601976.909369, 64
1558601976.925051, 66
1558601976.940002, 65
1558601976.958169, 65
1558601976.977524, 64
1558601976.996791, 64
1558601977.015114, 66
1558601977.035390, 66
1558601977.054248, 67
1558601977.073705, 65
1558601977.092634, 65
1558601977.112054, 66
1558601977.131647, 67
1558601977.150941, 66
1558601977.169826, 66
1558601977.188711, 65
1558601977.207109, 66
1558601977.225293, 66
1558601977.245023, 66
1558601977.264857, 66
1558601977.284375, 65
1558601977.303257, 66
1558601977.321432, 66
1558601977.341215, 65
1558601977.355974, 68
1558601977.371082, 66
1558601977.386393, 66
1558601977.401581, 67
1558601977.416524, 67
1558601977.431724, 67
1558601977.447190, 68
1558601977.461794, 68
1558601977.477748, 66
1558601977.492576, 66
1558601977.507397, 67
1558601977.523191, 67
1558601977.538643, 68
1558601977.553654, 67
1558601977.569074, 68
1558601977.584622, 66
1558601977.600562, 67
1558601977.615221, 67
1558601977.630118, 68
1558601977.646828, 68
1558601977.661951, 68
1558601977.677161, 66
1558601977.692030, 66
1558601977.707055, 67
1558601977.730648, 68
1558601977.747823, 67
1558601977.763456, 68
1558601977.778795, 67
1558601977.794611, 67
1558601977.810249, 67
1558601977.825252, 68
1558601977.841686, 68
1558601977.856695, 68
1558601977.871352, 69
1558601977.886076, 68
1558601977.901905, 68
1558601977.917239, 68
1558601977.932798, 68
1558601977.948625, 69
1558601977.963894, 68
1558601977.979571, 68
1558601977.994980, 67
1558601978.010731, 67
1558601978.025979, 69
1558601978.041721, 69
1558601978.060142, 70
1558601978.078995, 68
1558601978.098558, 69
1558601978.118858, 70
1558601978.139120, 68
1558601978.154523, 69
1558601978.169309, 69
1558601978.183763, 68
1558601978.199025, 68
1558601978.213753, 68
1558601978.228769, 70
1558601978.244107, 70
1558601978.258991, 70
1558601978.274149, 70
1558601978.289811, 69
1558601978.309501, 69
1558601978.326519, 70
1558601978.341117, 69
1558601978.354938, 70
1558601978.369121, 70
1558601978.383480, 70
1558601978.397401, 69
1558601978.411759, 69
1558601978.426044, 70
1558601978.440424, 71
1558601978.455118, 69
1558601978.469508, 69
1558601978.483806, 70
1558601978.498588, 70
1558601978.514125, 69
1558601978.528582, 71
1558601978.543254, 70
1558601978.558261, 71
1558601978.572936, 70
1558601978.587679, 71
1558601978.602001, 70
1558601978.617382, 70
1558601978.632079, 71
1558601978.646594, 71
1558601978.661475, 70
1558601978.677208, 71
1558601978.692173, 69
1558601978.710253, 70
1558601978.729359, 71
1558601978.747264, 70
1558601978.766131, 71
1558601978.781438, 71
1558601978.796416, 71
1558601978.811708, 71
1558601978.827293, 72
1558601978.844409, 71
1558601978.859422, 72
1558601978.874529, 71
1558601978.889311, 72
1558601978.904060, 71
1558601978.919341, 71
1558601978.934571, 71
1558601978.949877, 71
1558601978.965266, 71
1558601978.980297, 72
1558601978.995711, 71
1558601979.011166, 71
1558601979.027005, 71
1558601979.041557, 72
1558601979.056985, 73
1558601979.072113, 73
1558601979.087212, 72
1558601979.102692, 71
1558601979.118465, 72
1558601979.133051, 74
1558601979.147912, 73
1558601979.163241, 74
1558601979.183174, 73
1558601979.202657, 71
1558601979.221264, 71
1558601979.240007, 72
1558601979.258550, 72
1558601979.277162, 72
1558601979.295459, 73
1558601979.314794, 71
1558601979.334543, 73
1558601979.357063, 73
1558601979.373636, 72
1558601979.389040, 74
1558601979.403826, 71
1558601979.418987, 71
1558601979.434593, 74
1558601979.450519, 73
1558601979.465696, 73
1558601979.481768, 74
1558601979.502132, 72
1558601979.521167, 72
1558601979.541818, 73
1558601979.557663, 73
1558601979.572506, 74
1558601979.588038, 74
1558601979.608366, 72
1558601979.627433, 73
1558601979.646999, 74
1558601979.662700, 73
1558601979.677627, 74
1558601979.693401, 73
1558601979.709109, 73
1558601979.723867, 73
1558601979.738414, 74
1558601979.753173, 74
1558601979.767460, 74
1558601979.782975, 74
1558601979.802476, 73
1558601979.822556, 73
1558601979.842567, 73
1558601979.860395, 74
1558601979.875146, 75
1558601979.890153, 74
1558601979.908676, 74
1558601979.929074, 73
1558601979.949328, 74
1558601979.968551, 74
1558601979.986514, 74
1558601980.005570, 74
1558601980.023878, 73
1558601980.044811, 75
1558601980.064070, 74
1558601980.085808, 75
1558601980.103790, 73
1558601980.124453, 74
1558601980.144669, 75
1558601980.164532, 74
1558601980.185401, 75
1558601980.204801, 74
1558601980.224182, 73
1558601980.243720, 75
1558601980.262407, 75
1558601980.280099, 76
1558601980.298648, 76
1558601980.318646, 74
1558601980.338068, 75
1558601980.353890, 75
1558601980.369740, 75
1558601980.384887, 76
1558601980.400156, 75
1558601980.416324, 75
1558601980.431122, 75
1558601980.446041, 75
1558601980.462115, 76
1558601980.477870, 77
1558601980.492451, 75
1558601980.510402, 76
1558601980.527155, 75
1558601980.541725, 75
1558601980.557817, 76
1558601980.572729, 77
1558601980.587517, 76
1558601980.602713, 75
1558601980.618440, 75
1558601980.634433, 76
1558601980.649607, 76
1558601980.664947, 77
1558601980.680077, 77
1558601980.696968, 76
1558601980.711940, 76
1558601980.728020, 75
1558601980.742631, 76
1558601980.757449, 76
1558601980.776248, 77
1558601980.794714, 77
1558601980.813273, 77
1558601980.832052, 76
1558601980.850791, 78
1558601980.865557, 77
1558601980.879695, 76
1558601980.894469, 76
1558601980.909945, 77
1558601980.926925, 76
1558601980.945456, 76
1558601980.964233, 77
1558601980.982982, 77
1558601981.002566, 77
1558601981.023694, 76
1558601981.044138, 77
1558601981.064496, 77
1558601981.084080, 77
1558601981.104512, 77
1558601981.125313, 76
1558601981.145684, 76
1558601981.165473, 78
1558601981.185566, 77
1558601981.203561, 77
1558601981.219002, 77
1558601981.234131, 78
1558601981.250513, 77
1558601981.266062, 78
1558601981.280684, 78
1558601981.295552, 78
1558601981.310109, 78
1558601981.325039, 79
1558601981.344449, 77
1558601981.364553, 78
1558601981.381250, 78
1558601981.396901, 78
1558601981.411809, 78
1558601981.426879, 78
1558601981.442255, 77
1558601981.457772, 77
1558601981.472978, 79
1558601981.488638, 78
1558601981.503374, 78
1558601981.518924, 78
1558601981.534873, 78
1558601981.549272, 78
1558601981.565152, 77
1558601981.581067, 79
1558601981.596925, 79
1558601981.611940, 80
1558601981.626456, 79
1558601981.641710, 77
1558601981.656991, 79
1558601981.671935, 78
1558601981.686980, 79
1558601981.702271, 79
1558601981.718098, 79
1558601981.734505, 79
1558601981.748932, 78
1558601981.765093, 79
1558601981.780255, 79
1558601981.794566, 79
1558601981.809062, 79
1558601981.823950, 79
1558601981.839515, 78
1558601981.856661, 77
1558601981.871152, 79
1558601981.886791, 79
1558601981.900802, 79
1558601981.918725, 79
1558601981.938245, 79
1558601981.958522, 79
1558601981.977161, 78
1558601981.992838, 79
1558601982.007397, 80
1558601982.022332, 80
1558601982.038497, 81
1558601982.053581, 81
1558601982.067645, 80
1558601982.082839, 79
1558601982.096998, 80
1558601982.111718, 81
1558601982.126466, 79
1558601982.141872, 81
1558601982.157158, 81
1558601982.172580, 80
1558601982.187561, 79
1558601982.202701, 80
1558601982.217814, 81
1558601982.233416, 81
1558601982.252933, 80
1558601982.268727, 81
1558601982.284319, 79
1558601982.299886, 79
1558601982.314631, 80
1558601982.329964, 80
1558601982.344983, 81
1558601982.361257, 81
1558601982.376132, 80
1558601982.390954, 79
1558601982.406200, 79
1558601982.422272, 81
1558601982.438013, 82
1558601982.452932, 80
1558601982.470953, 82
1558601982.490009, 81
1558601982.508673, 80
1558601982.527325, 81
1558601982.542135, 80
1558601982.557419, 81
1558601982.572221, 80
1558601982.588071, 82
1558601982.603041, 81
1558601982.617398, 79
1558601982.632457, 81
1558601982.646741, 82
1558601982.661135, 81
1558601982.676185, 82
1558601982.691440, 82
1558601982.707133, 82
1558601982.721588, 80
1558601982.736921, 81
1558601982.752168, 81
1558601982.767308, 80
1558601982.782697, 82
1558601982.800544, 82
1558601982.815105, 82
1558601982.830357, 81
1558601982.845941, 83
1558601982.862492, 82
1558601982.877741, 82
1558601982.894545, 81
1558601982.909403, 82
1558601982.924912, 83
1558601982.940521, 81
1558601982.955897, 82
1558601982.971259, 83
1558601982.985566, 81
1558601983.000697, 81
1558601983.016116, 83
1558601983.031556, 83
1558601983.046682, 81
1558601983.062627, 82
1558601983.077247, 83
1558601983.091349, 82
1558601983.106760, 82
1558601983.121904, 83
1558601983.137295, 82
1558601983.152438, 81
1558601983.166587, 82
1558601983.181703, 83
1558601983.196216, 82
1558601983.211636, 82
1558601983.226491, 84
1558601983.241045, 83
1558601983.256710, 84
1558601983.270864, 82
1558601983.285526, 84
1558601983.300760, 83
1558601983.315777, 83
1558601983.330752, 83
1558601983.345506, 83
1558601983.361312, 84
1558601983.376455, 82
1558601983.390718, 83
1558601983.405315, 83
1558601983.420233, 84
1558601983.434561, 82
1558601983.450369, 84
1558601983.466075, 83
1558601983.482199, 82
1558601983.497858, 84
1558601983.513754, 84
1558601983.528081, 84
1558601983.543112, 83
1558601983.557370, 84
1558601983.572305, 84
1558601983.587490, 82
1558601983.602686, 84
1558601983.618339, 83
1558601983.634009, 84
1558601983.647976, 84
1558601983.663238, 84
1558601983.677893, 85
1558601983.692036, 83
1558601983.708803, 85
1558601983.730132, 84
1558601983.750206, 84
1558601983.765887, 83
1558601983.781647, 85
1558601983.796321, 84
1558601983.811220, 84
1558601983.825797, 84
1558601983.840688, 83
1558601983.855822, 85
1558601983.871567, 85
1558601983.887792, 85
1558601983.902025, 85
1558601983.917386, 85
1558601983.933784, 85
1558601983.950438, 85
1558601983.964819, 85
1558601983.979854, 84
1558601983.995020, 84
1558601984.009182, 85
1558601984.027197, 84
1558601984.042483, 85
1558601984.057370, 85
1558601984.074913, 86
1558601984.089984, 84
1558601984.104959, 85
1558601984.120778, 86
1558601984.137111, 85
1558601984.153613, 85
1558601984.168991, 86
1558601984.183070, 86
1558601984.197876, 84
1558601984.212463, 85
1558601984.227230, 86
1558601984.241930, 85
1558601984.256764, 86
1558601984.271694, 86
1558601984.288028, 85
1558601984.305270, 85
1558601984.321991, 86
1558601984.342118, 84
1558601984.368191, 84
1558601984.396492, 85
1558601984.411246, 85
1558601984.427106, 85
1558601984.441522, 86
1558601984.455844, 85
1558601984.471516, 85
1558601984.486939, 85
1558601984.501847, 85
1558601984.516601, 86
1558601984.532331, 86
1558601984.548277, 86
1558601984.563239, 86
1558601984.580719, 87
1558601984.605510, 86
1558601984.622481, 86
1558601984.639939, 85
1558601984.655626, 87
1558601984.671375, 86
1558601984.689317, 84
1558601984.705198, 86
1558601984.721202, 87
1558601984.737914, 86
1558601984.753348, 87
1558601984.768634, 86
1558601984.782940, 88
1558601984.797482, 87
1558601984.812845, 88
1558601984.827623, 87
1558601984.842538, 87
1558601984.858461, 86
1558601984.874697, 87
1558601984.891119, 88
1558601984.906642, 87
1558601984.922993, 88
1558601984.939007, 87
1558601984.956108, 87
1558601984.971584, 88
1558601984.989205, 87
1558601985.005709, 86
1558601985.023294, 87
1558601985.042429, 87
1558601985.063265, 86
1558601985.077844, 86
1558601985.092623, 87
1558601985.106582, 87
1558601985.121284, 86
1558601985.137145, 87
1558601985.155063, 86
1558601985.178159, 86
1558601985.194737, 86
1558601985.208638, 87
1558601985.222273, 88
1558601985.242759, 87
1558601985.256520, 88
1558601985.272737, 88
1558601985.288723, 87
1558601985.305257, 89
1558601985.321665, 88
1558601985.337191, 89
1558601985.352635, 88
1558601985.368216, 89
1558601985.383428, 88
1558601985.399381, 86
1558601985.414760, 88
1558601985.435727, 88
1558601985.455105, 87
1558601985.475111, 87
1558601985.494874, 88
1558601985.514512, 88
1558601985.534801, 87
1558601985.554748, 88
1558601985.573648, 88
1558601985.588712, 88
1558601985.604130, 86
1558601985.619504, 87
1558601985.634176, 88
1558601985.649735, 88
1558601985.665386, 89
1558601985.681308, 87
1558601985.696848, 88
1558601985.712509, 87
1558601985.728332, 88
1558601985.744445, 88
1558601985.759898, 89
1558601985.775053, 89
1558601985.789223, 88
1558601985.803945, 88
1558601985.818714, 89
1558601985.834189, 88
1558601985.849856, 88
1558601985.865155, 89
1558601985.881395, 89
1558601985.897103, 88
1558601985.912136, 88
1558601985.927720, 89
1558601985.943324, 87
1558601985.959005, 88
1558601985.974479, 88
1558601985.992382, 89
1558601986.009934, 89
1558601986.024840, 88
1558601986.039402, 89
1558601986.054544, 88
1558601986.070205, 88
1558601986.086381, 88
1558601986.101403, 90
1558601986.116219, 89
1558601986.130766, 89
1558601986.146046, 90
1558601986.161505, 88
1558601986.175587, 90
1558601986.191768, 89
1558601986.207171, 89
1558601986.227016, 90
1558601986.247170, 89
1558601986.266669, 89
1558601986.288688, 89
1558601986.309803, 90
1558601986.329763, 90
1558601986.350482, 90
1558601986.370010, 89
1558601986.385568, 89
1558601986.400515, 89
1558601986.416021, 90
1558601986.431560, 89
1558601986.451469, 90
1558601986.470770, 89
1558601986.490807, 88
1558601986.510183, 89
1558601986.528717, 90
1558601986.548413, 90
1558601986.568669, 90
1558601986.588440, 91
1558601986.609055, 91
1558601986.629415, 90
1558601986.646937, 90
1558601986.661041, 90
1558601986.679840, 90
1558601986.698387, 91
1558601986.712424, 90
1558601986.727355, 92
1558601986.747249, 91
1558601986.761809, 90
1558601986.777228, 91
1558601986.798150, 90
1558601986.813482, 91
1558601986.828522, 92
1558601986.843423, 91
1558601986.859057, 90
1558601986.874633, 90
1558601986.889384, 90
1558601986.909230, 90
1558601986.928992, 92
1558601986.949501, 90
1558601986.963617, 90
1558601986.978682, 90
1558601986.993142, 90
1558601987.014219, 91
1558601987.031109, 92
1558601987.046165, 90
1558601987.061559, 92
1558601987.078154, 91
1558601987.096601, 87
1558601987.111682, 91
1558601987.126465, 93
1558601987.143229, 91
1558601987.159673, 90
1558601987.173572, 92
1558601987.188664, 91
1558601987.203852, 91
1558601987.219149, 91
1558601987.238246, 91
1558601987.252584, 91
1558601987.268405, 92
1558601987.282008, 91
1558601987.296493, 93
1558601987.310473, 93
1558601987.325438, 92
1558601987.341759, 93
1558601987.356500, 92
1558601987.370985, 92
1558601987.385288, 92
1558601987.399272, 91
1558601987.413588, 91
1558601987.427874, 92
1558601987.442080, 92
1558601987.457058, 91
1558601987.472722, 93
1558601987.487355, 92
1558601987.502566, 93
1558601987.518060, 92
1558601987.534945, 94
1558601987.551618, 92
1558601987.567425, 93
1558601987.582704, 93
1558601987.598163, 91
1558601987.614267, 93
1558601987.629563, 93
1558601987.644844, 92
1558601987.659547, 93
1558601987.674968, 92
1558601987.690377, 92
1558601987.704815, 93
1558601987.718591, 93
1558601987.733558, 94
1558601987.748397, 94
1558601987.762470, 93
1558601987.777302, 93
1558601987.791950, 93
1558601987.810055, 93
1558601987.824762, 93
1558601987.842087, 93
1558601987.857624, 91
1558601987.872877, 93
1558601987.887171, 92
1558601987.900576, 93
1558601987.914063, 94
1558601987.927840, 93
1558601987.942431, 95
1558601987.956023, 94
1558601987.971343, 93
1558601987.985659, 93
1558601988.000080, 93
1558601988.014853, 94
1558601988.028715, 93
1558601988.042322, 94
1558601988.056200, 93
1558601988.071057, 94
1558601988.086324, 93
1558601988.103536, 94
1558601988.118684, 93
1558601988.134490, 94
1558601988.149295, 95
1558601988.165824, 94
1558601988.183054, 93
1558601988.198793, 94
1558601988.214759, 93
1558601988.230107, 93
1558601988.245739, 95
1558601988.261245, 94
1558601988.276905, 94
1558601988.294236, 95
1558601988.309255, 94
1558601988.324317, 94
1558601988.338486, 95
1558601988.353350, 94
1558601988.371033, 93
1558601988.385102, 94
1558601988.403461, 94
1558601988.417720, 94
1558601988.437866, 95
1558601988.452848, 94
1558601988.470627, 94
1558601988.484985, 95
1558601988.499941, 94
1558601988.514228, 94
1558601988.528599, 94
1558601988.542622, 95
1558601988.557295, 94
1558601988.573512, 94
1558601988.589384, 95
1558601988.604746, 94
1558601988.619692, 94
1558601988.634414, 95
1558601988.648678, 95
1558601988.663111, 94
1558601988.679664, 96
1558601988.694826, 94
1558601988.709789, 94
1558601988.724053, 94
1558601988.738406, 95
1558601988.753057, 96
1558601988.767360, 94
1558601988.782112, 94
1558601988.795757, 95
1558601988.810189, 95
1558601988.824343, 95
1558601988.842544, 96
1558601988.856885, 95
1558601988.871249, 95
1558601988.886504, 96
1558601988.900397, 95
1558601988.914202, 96
1558601988.928590, 96
1558601988.943034, 96
1558601988.957257, 96
1558601988.971662, 96
1558601988.985876, 95
1558601988.999428, 95
1558601989.013834, 95
1558601989.028855, 96
1558601989.043341, 96
1558601989.059689, 95
1558601989.074828, 94
1558601989.090066, 95
1558601989.105862, 97
1558601989.121165, 96
1558601989.136019, 96
1558601989.150648, 96
1558601989.165651, 96
1558601989.180578, 96
1558601989.195975, 96
1558601989.211716, 95
1558601989.227208, 96
1558601989.242651, 95
1558601989.258525, 97
1558601989.273711, 96
1558601989.289356, 96
1558601989.304412, 96
1558601989.318994, 96
1558601989.333956, 96
1558601989.348782, 97
1558601989.364319, 98
1558601989.379972, 97
1558601989.399265, 95
1558601989.414239, 96
1558601989.428515, 97
1558601989.444493, 96
1558601989.459661, 97
1558601989.475684, 96
1558601989.490749, 96
1558601989.506267, 95
1558601989.521362, 97
1558601989.536661, 96
1558601989.551751, 97
1558601989.566913, 96
1558601989.585671, 96
1558601989.605421, 97
1558601989.623963, 96
1558601989.645615, 97
1558601989.664222, 98
1558601989.683632, 96
1558601989.704299, 97
1558601989.724290, 96
1558601989.745376, 97
1558601989.765964, 99
1558601989.780730, 96
1558601989.795742, 96
1558601989.810703, 96
1558601989.826696, 97
1558601989.842619, 98
1558601989.861580, 98
1558601989.880434, 97
1558601989.898643, 98
1558601989.918249, 98
1558601989.938271, 97
1558601989.958777, 99
1558601989.978597, 97
1558601989.993901, 96
1558601990.008743, 97
1558601990.023958, 98
1558601990.041636, 97
1558601990.057437, 99
1558601990.073162, 98
1558601990.087952, 99
1558601990.103861, 98
1558601990.118788, 97
1558601990.134077, 98
1558601990.149273, 98
1558601990.164825, 99
1558601990.184093, 98
1558601990.204234, 98
1558601990.222908, 97
1558601990.241975, 97
1558601990.261830, 99
1558601990.281187, 98
1558601990.301276, 99
1558601990.319908, 98
1558601990.335552, 99
1558601990.350748, 100
1558601990.366970, 99
1558601990.382890, 97
1558601990.398671, 98
1558601990.413255, 98
1558601990.427728, 99
1558601990.442763, 98
1558601990.458037, 99
1558601990.473484, 99
1558601990.489080, 98
1558601990.504255, 99
1558601990.519003, 98
1558601990.533919, 98
1558601990.548848, 98
1558601990.567768, 99
1558601990.586593, 98
1558601990.606825, 97
1558601990.627217, 98
1558601990.645768, 97
1558601990.661153, 99
1558601990.676810, 99
1558601990.692379, 98
1558601990.707599, 98
1558601990.722790, 97
1558601990.738427, 99
1558601990.755172, 98
1558601990.770032, 99
1558601990.785812, 98
1558601990.801541, 99
1558601990.816351, 98
1558601990.831367, 98
1558601990.846687, 99
1558601990.861835, 99
1558601990.877156, 99
1558601990.893057, 99
1558601990.907447, 98
1558601990.922572, 98
1558601990.937810, 98
1558601990.953240, 98
1558601990.968817, 98
1558601990.984166, 97
1558601991.000473, 97
1558601991.015287, 98
1558601991.030098, 98
1558601991.044124, 96
1558601991.059252, 94
1558601991.074713, 86
1558601991.089138, 81
1558601991.103899, 74
1558601991.119209, 69
1558601991.134618, 61
1558601991.149208, 55
1558601991.164034, 50
1558601991.177749, 46
1558601991.193803, 46
1558601991.210230, 44
1558601991.225678, 47
1558601991.243659, 47
1558601991.258681, 47
1558601991.273180, 46
1558601991.288265, 46
1558601991.303256, 47
1558601991.318469, 47
1558601991.333569, 48
1558601991.348682, 48
1558601991.363574, 48
1558601991.378350, 48
1558601991.394446, 47
1558601991.408922, 47
1558601991.424615, 47
1558601991.440014, 47
1558601991.456982, 48
1558601991.471861, 48
1558601991.486879, 47
1558601991.502653, 48
1558601991.517217, 47
1558601991.533034, 47
1558601991.548294, 47
1558601991.563712, 50
1558601991.579702, 48
1558601991.594742, 49
1558601991.609995, 48
1558601991.625104, 48
1558601991.641248, 49
1558601991.657389, 48
1558601991.672784, 49
1558601991.687402, 48
1558601991.703110, 49
1558601991.718925, 49
1558601991.732855, 49
1558601991.748393, 48
1558601991.770223, 49
1558601991.793539, 49
1558601991.812964, 48
1558601991.832955, 49
1558601991.850634, 49
1558601991.866903, 51
1558601991.881579, 50
1558601991.897102, 49
1558601991.911590, 50
1558601991.930526, 49
1558601991.949283, 49
1558601991.968575, 50
1558601991.988121, 49
1558601992.007827, 50
1558601992.026970, 50
1558601992.046486, 49
1558601992.064728, 51
1558601992.084303, 51
1558601992.103677, 50
1558601992.122085, 50
1558601992.141136, 50
1558601992.159211, 50
1558601992.179275, 49
1558601992.199473, 50
1558601992.217573, 50
1558601992.232961, 51
1558601992.251644, 50
1558601992.271146, 53
1558601992.286561, 51
1558601992.305225, 50
1558601992.320606, 50
1558601992.335355, 51
1558601992.350631, 50
1558601992.370410, 52
1558601992.389486, 51
1558601992.408637, 52
1558601992.431039, 51
1558601992.452947, 51
1558601992.474659, 53
1558601992.490091, 52
1558601992.505629, 52
1558601992.520900, 52
1558601992.540234, 53
1558601992.560093, 52
1558601992.580097, 52
1558601992.600222, 52
1558601992.614793, 52
1558601992.629695, 52
1558601992.645014, 52
1558601992.659550, 52
1558601992.674743, 52
1558601992.689754, 53
1558601992.704788, 52
1558601992.719936, 52
1558601992.734748, 53
1558601992.750091, 53
1558601992.765917, 51
1558601992.781205, 53
1558601992.799812, 53
1558601992.815083, 54
1558601992.829716, 53
1558601992.844768, 52
1558601992.860029, 52
1558601992.875108, 54
1558601992.894755, 53
1558601992.914486, 53
1558601992.933035, 54
1558601992.947509, 53
1558601992.962458, 53
1558601992.976932, 54
1558601992.991450, 54
1558601993.005958, 53
1558601993.021868, 54
1558601993.037562, 54
1558601993.053321, 54
1558601993.068966, 54
1558601993.084805, 56
1558601993.099077, 55
1558601993.113696, 54
1558601993.133210, 54
1558601993.151364, 54
1558601993.170560, 54
1558601993.189392, 55
1558601993.208328, 54
1558601993.227122, 55
1558601993.246883, 55
1558601993.266271, 54
1558601993.286427, 55
1558601993.304632, 54
1558601993.319637, 54
1558601993.334504, 54
1558601993.350078, 56
1558601993.365514, 55
1558601993.381498, 56
1558601993.400629, 56
1558601993.419532, 55
1558601993.439531, 56
1558601993.459862, 55
1558601993.478235, 56
1558601993.497743, 57
1558601993.517393, 56
1558601993.536652, 55
1558601993.554820, 56
1558601993.574012, 55
1558601993.594718, 57
1558601993.614051, 55
1558601993.633245, 57
1558601993.656108, 56
1558601993.676283, 57
1558601993.695770, 57
1558601993.715191, 56
1558601993.735437, 57
1558601993.754705, 56
1558601993.774184, 57
1558601993.789173, 57
1558601993.805118, 57
1558601993.820070, 55
1558601993.835113, 57
1558601993.850525, 56
1558601993.865293, 56
1558601993.880288, 58
1558601993.895018, 59
1558601993.909621, 59
1558601993.924605, 58
1558601993.939573, 57
1558601993.954604, 58
1558601993.969303, 58
1558601993.984794, 58
1558601994.004655, 59
1558601994.025101, 57
1558601994.043291, 57
1558601994.061985, 57
1558601994.081333, 58
1558601994.101474, 58
1558601994.120630, 57
1558601994.141019, 57
1558601994.160042, 57
1558601994.179844, 58
1558601994.198579, 58
1558601994.218748, 59
1558601994.237819, 59
1558601994.256125, 58
1558601994.271420, 59
1558601994.287550, 60
1558601994.302820, 59
1558601994.318223, 57
1558601994.334061, 58
1558601994.349134, 59
1558601994.363782, 58
1558601994.378864, 58
1558601994.395892, 60
1558601994.410950, 58
1558601994.425981, 59
1558601994.440870, 59
1558601994.456558, 59
1558601994.471652, 58
1558601994.486733, 59
1558601994.502149, 59
1558601994.517463, 59
1558601994.531787, 58
1558601994.547415, 60
1558601994.562194, 60
1558601994.577752, 59
1558601994.597274, 60
1558601994.616466, 60
1558601994.635380, 59
1558601994.650747, 59
1558601994.665956, 60
1558601994.682455, 59
1558601994.697879, 61
1558601994.714436, 61
1558601994.729350, 60
1558601994.744076, 59
1558601994.759371, 59
1558601994.774987, 59
1558601994.790165, 60
1558601994.805430, 61
1558601994.821017, 61
1558601994.835875, 60
1558601994.854200, 60
1558601994.868906, 60
1558601994.884109, 61
1558601994.899565, 62
1558601994.913724, 60
1558601994.929267, 60
1558601994.944615, 61
1558601994.959898, 60
1558601994.974889, 60
1558601994.990509, 61
1558601995.004910, 61
1558601995.020598, 60
1558601995.035797, 61
1558601995.051311, 60
1558601995.066698, 60
1558601995.081943, 60
1558601995.097243, 61
1558601995.112766, 62
1558601995.128992, 62
1558601995.144373, 61
1558601995.159429, 62
1558601995.174527, 61
1558601995.188687, 62
1558601995.204618, 63
1558601995.219878, 63
1558601995.234810, 61
1558601995.250234, 62
1558601995.266407, 62
1558601995.282083, 60
1558601995.303137, 63
1558601995.321961, 62
1558601995.340232, 61
1558601995.358504, 62
1558601995.376729, 61
1558601995.391720, 62
1558601995.406782, 63
1558601995.421740, 62
1558601995.436910, 62
1558601995.455568, 62
1558601995.473932, 63
1558601995.492908, 63
1558601995.511077, 62
1558601995.526018, 63
1558601995.541907, 62
1558601995.557699, 62
1558601995.572880, 62
1558601995.588515, 63
1558601995.604143, 63
1558601995.619635, 63
1558601995.634962, 64
1558601995.649433, 62
1558601995.665003, 62
1558601995.679636, 62
1558601995.699656, 63
1558601995.719293, 63
1558601995.738950, 63
1558601995.757977, 63
1558601995.778725, 62
1558601995.794540, 65
1558601995.811113, 64
1558601995.826474, 64
1558601995.842168, 63
1558601995.857647, 64
1558601995.872275, 64
1558601995.887669, 63
1558601995.902987, 64
1558601995.917700, 64
1558601995.932690, 64
1558601995.948006, 62
1558601995.963580, 64
1558601995.983742, 63
1558601996.002191, 64
1558601996.021012, 65
1558601996.040922, 64
1558601996.059008, 63
1558601996.074781, 63
1558601996.090064, 64
1558601996.105596, 64
1558601996.124170, 65
1558601996.144485, 65
1558601996.164690, 64
1558601996.184520, 64
1558601996.204322, 65
1558601996.224309, 66
1558601996.242271, 65
1558601996.257293, 65
1558601996.272866, 63
1558601996.287628, 64
1558601996.302523, 66
1558601996.317637, 65
1558601996.333839, 65
1558601996.349057, 66
1558601996.363412, 64
1558601996.379064, 65
1558601996.399310, 67
1558601996.421128, 66
1558601996.438906, 66
1558601996.457100, 66
1558601996.472485, 66
1558601996.487262, 65
1558601996.503307, 66
1558601996.518514, 67
1558601996.533337, 66
1558601996.549365, 66
1558601996.565227, 64
1558601996.580949, 64
1558601996.595771, 66
1558601996.611557, 66
1558601996.631529, 66
1558601996.646492, 66
1558601996.661579, 66
1558601996.678197, 65
1558601996.695271, 65
1558601996.710674, 67
1558601996.725955, 66
1558601996.741524, 66
1558601996.756982, 65
1558601996.771487, 65
1558601996.786707, 67
1558601996.801791, 67
1558601996.818093, 68
1558601996.837453, 68
1558601996.857170, 66
1558601996.875407, 66
1558601996.893855, 67
1558601996.914115, 67
1558601996.933224, 68
1558601996.953093, 68
1558601996.973368, 67
1558601996.992850, 66
1558601997.012746, 68
1558601997.033320, 67
1558601997.051614, 68
1558601997.070398, 67
1558601997.089189, 66
1558601997.109134, 67
1558601997.128064, 68
1558601997.147866, 68
1558601997.166703, 67
1558601997.186486, 67
1558601997.205040, 69
1558601997.223725, 69
1558601997.243158, 68
1558601997.265394, 68
1558601997.283917, 67
1558601997.299248, 67
1558601997.314877, 69
1558601997.335340, 68
1558601997.354824, 69
1558601997.374694, 68
1558601997.395293, 68
1558601997.414827, 69
1558601997.433157, 68
1558601997.451578, 68
1558601997.470572, 68
1558601997.490136, 69
1558601997.509508, 67
1558601997.524865, 69
1558601997.540702, 70
1558601997.556128, 68
1558601997.571164, 69
1558601997.586903, 68
1558601997.601780, 68
1558601997.616533, 69
1558601997.631934, 69
1558601997.646536, 70
1558601997.662070, 69
1558601997.678211, 69
1558601997.693415, 69
1558601997.711985, 69
1558601997.731146, 70
1558601997.750068, 69
1558601997.770609, 68
1558601997.789923, 69
1558601997.808412, 69
1558601997.828562, 68
1558601997.843496, 70
1558601997.860834, 70
1558601997.875110, 70
1558601997.890235, 70
1558601997.904919, 69
1558601997.920326, 70
1558601997.935851, 71
1558601997.951155, 70
1558601997.966699, 69
1558601997.981592, 70
1558601997.997447, 70
1558601998.012592, 70
1558601998.027732, 71
1558601998.043330, 70
1558601998.058347, 70
1558601998.073144, 71
1558601998.088012, 69
1558601998.103204, 70
1558601998.119177, 70
1558601998.135272, 70
1558601998.153529, 71
1558601998.172465, 71
1558601998.191154, 70
1558601998.210822, 70
1558601998.230842, 71
1558601998.250470, 71
1558601998.270112, 71
1558601998.289189, 70
1558601998.309442, 71
1558601998.328820, 72
1558601998.348294, 72
1558601998.366092, 72
1558601998.385481, 71
1558601998.404716, 71
1558601998.425013, 71
1558601998.444219, 72
1558601998.462539, 71
1558601998.481507, 70
1558601998.500123, 71
1558601998.517718, 72
1558601998.536648, 72
1558601998.555873, 72
1558601998.576337, 73
1558601998.596245, 71
1558601998.615004, 71
1558601998.634205, 72
1558601998.649236, 73
1558601998.664069, 72
1558601998.679136, 72
1558601998.693924, 72
1558601998.708966, 72
1558601998.723643, 72
1558601998.738618, 72
1558601998.753482, 73
1558601998.768614, 73
1558601998.784439, 73
1558601998.799656, 72
1558601998.814030, 71
1558601998.829048, 73
1558601998.844469, 73
1558601998.860063, 73
1558601998.875782, 74
1558601998.890805, 72
1558601998.906160, 71
1558601998.921823, 73
1558601998.937297, 73
1558601998.952937, 74
1558601998.967940, 73
1558601998.983573, 74
1558601998.999148, 73
1558601999.019993, 73
1558601999.034894, 74
1558601999.049326, 73
1558601999.063961, 73
1558601999.078609, 73
1558601999.092725, 73
1558601999.107312, 73
1558601999.121071, 73
1558601999.135244, 73
1558601999.149053, 75
1558601999.163225, 74
1558601999.177946, 74
1558601999.192787, 73
1558601999.207222, 73
1558601999.221842, 73
1558601999.236430, 74
1558601999.250645, 74
1558601999.265256, 74
1558601999.279457, 73
1558601999.294713, 74
1558601999.309188, 74
1558601999.323520, 74
1558601999.337858, 75
1558601999.354857, 74
1558601999.368986, 75
1558601999.383735, 74
1558601999.400039, 73
1558601999.415406, 74
1558601999.430778, 74
1558601999.446786, 75
1558601999.461646, 74
1558601999.476509, 76
1558601999.492316, 75
1558601999.507379, 74
1558601999.523080, 75
1558601999.537623, 75
1558601999.553393, 75
1558601999.568315, 75
1558601999.582963, 75
1558601999.598004, 74
1558601999.613281, 73
1558601999.628423, 74
1558601999.643061, 75
1558601999.657853, 74
1558601999.673425, 76
1558601999.688189, 75
1558601999.707539, 74
1558601999.726965, 76
1558601999.746248, 76
1558601999.765341, 76
1558601999.784470, 75
1558601999.804237, 74
1558601999.824156, 74
1558601999.842931, 75
1558601999.861219, 76
1558601999.881092, 76
1558601999.900123, 75
1558601999.920217, 75
1558601999.935714, 76
1558601999.950633, 75
1558601999.966132, 76
1558601999.982726, 76
1558602000.002012, 75
1558602000.018418, 76
1558602000.033139, 76
1558602000.047151, 75
1558602000.062843, 77
1558602000.078253, 76
1558602000.093452, 76
1558602000.112175, 75
1558602000.131877, 77
1558602000.147449, 76
1558602000.162728, 76
1558602000.177592, 76
1558602000.194127, 75
1558602000.209886, 76
1558602000.225494, 75
1558602000.240647, 78
1558602000.256544, 76
1558602000.272603, 75
1558602000.287268, 77
1558602000.302547, 76
1558602000.317950, 75
1558602000.333507, 76
1558602000.348594, 78
1558602000.364353, 77
1558602000.384179, 76
1558602000.402892, 77
1558602000.421913, 75
1558602000.439854, 78
1558602000.457991, 76
1558602000.477137, 77
1558602000.497128, 77
1558602000.516488, 76
1558602000.535372, 76
1558602000.554960, 77
1558602000.573927, 77
1558602000.592786, 78
1558602000.612349, 77
1558602000.630526, 76
1558602000.650625, 77
1558602000.669192, 79
1558602000.688336, 78
1558602000.708354, 78
1558602000.728602, 78
1558602000.748522, 77
1558602000.768032, 78
1558602000.786849, 78
1558602000.806482, 77
1558602000.824831, 77
1558602000.843535, 77
1558602000.862646, 79
1558602000.877909, 79
1558602000.893718, 78
1558602000.909379, 78
1558602000.924166, 78
1558602000.939714, 77
1558602000.954519, 78
1558602000.973804, 79
1558602000.991865, 79
1558602001.010866, 78
1558602001.030735, 77
1558602001.050189, 78
1558602001.069844, 78
1558602001.089392, 79
1558602001.108192, 79
1558602001.126769, 79
1558602001.145805, 77
1558602001.163908, 78
1558602001.178422, 79
1558602001.193324, 78
1558602001.208480, 79
1558602001.223754, 79
1558602001.239602, 79
1558602001.254901, 79
1558602001.274223, 77
1558602001.292772, 78
1558602001.311145, 79
1558602001.330961, 79
1558602001.349881, 79
1558602001.369827, 78
1558602001.390680, 79
1558602001.409096, 79
1558602001.425158, 79
1558602001.440563, 80
1558602001.458810, 78
1558602001.474538, 78
1558602001.489598, 81
1558602001.504342, 80
1558602001.519217, 80
1558602001.534206, 81
1558602001.549636, 81
1558602001.564868, 79
1558602001.580825, 78
1558602001.596315, 81
1558602001.611679, 79
1558602001.626639, 80
1558602001.643139, 80
1558602001.657960, 80
1558602001.674059, 78
1558602001.690622, 81
1558602001.705798, 81
1558602001.720136, 80
1558602001.735527, 81
1558602001.751122, 80
1558602001.766104, 80
1558602001.781330, 79
1558602001.795747, 80
1558602001.810523, 80
1558602001.828540, 81
1558602001.848609, 80
1558602001.867818, 82
1558602001.886155, 80
1558602001.905379, 80
1558602001.924691, 81
1558602001.940026, 80
1558602001.955580, 79
1558602001.970722, 81
1558602001.986582, 80
1558602002.001678, 81
1558602002.016757, 81
1558602002.032004, 80
1558602002.047442, 83
1558602002.062641, 82
1558602002.078033, 81
1558602002.094045, 81
1558602002.109145, 81
1558602002.124034, 82
1558602002.138904, 81
1558602002.154564, 81
1558602002.170193, 82
1558602002.189876, 80
1558602002.208435, 81
1558602002.227509, 82
1558602002.245695, 82
1558602002.265101, 81
1558602002.284906, 82
1558602002.305567, 83
1558602002.325373, 82
1558602002.345078, 82
1558602002.363536, 82
1558602002.382487, 82
1558602002.400199, 83
1558602002.419081, 82
1558602002.437112, 82
1558602002.457200, 82
1558602002.477836, 82
1558602002.497748, 83
1558602002.515995, 82
1558602002.531042, 81
1558602002.546439, 81
1558602002.561871, 82
1558602002.577254, 82
1558602002.592923, 81
1558602002.608279, 82
1558602002.627460, 83
1558602002.646349, 82
1558602002.661927, 83
1558602002.677247, 84
1558602002.691994, 82
1558602002.707365, 83
1558602002.722905, 84
1558602002.738610, 83
1558602002.754093, 83
1558602002.769639, 83
1558602002.789019, 83
1558602002.807922, 83
1558602002.826003, 82
1558602002.844907, 83
1558602002.864644, 83
1558602002.884015, 83
1558602002.903786, 83
1558602002.925905, 84
1558602002.946766, 83
1558602002.965567, 83
1558602002.985220, 82
1558602003.003947, 84
1558602003.024270, 83
1558602003.042647, 83
1558602003.063549, 83
1558602003.081824, 84
1558602003.100727, 84
1558602003.120761, 84
1558602003.141740, 83
1558602003.161622, 85
1558602003.181277, 84
1558602003.201263, 84
1558602003.220486, 84
1558602003.238648, 85
1558602003.256145, 83
1558602003.275729, 84
1558602003.298171, 83
1558602003.316902, 84
1558602003.332567, 84
1558602003.347422, 85
1558602003.362688, 83
1558602003.378119, 84
1558602003.393896, 85
1558602003.408436, 84
1558602003.424053, 83
1558602003.439307, 85
1558602003.454370, 85
1558602003.469524, 84
1558602003.484546, 85
1558602003.504972, 85
1558602003.524755, 85
1558602003.544566, 86
1558602003.564832, 85
1558602003.584755, 85
1558602003.604198, 86
1558602003.623546, 85
1558602003.642160, 84
1558602003.657605, 86
1558602003.673681, 85
1558602003.689153, 85
1558602003.704879, 85
1558602003.720161, 86
1558602003.735583, 86
1558602003.750406, 85
1558602003.765469, 86
1558602003.781024, 85
1558602003.796199, 85
1558602003.810971, 85
1558602003.826433, 86
1558602003.842525, 86
1558602003.857157, 85
1558602003.872206, 85
1558602003.887667, 85
1558602003.902837, 84
1558602003.918075, 86
1558602003.933293, 87
1558602003.948732, 87
1558602003.963694, 86
1558602003.978661, 86
1558602003.993841, 86
1558602004.009385, 85
1558602004.024407, 85
1558602004.039233, 87
1558602004.054866, 87
1558602004.070723, 86
1558602004.086184, 86
1558602004.101511, 87
1558602004.116414, 87
1558602004.131876, 86
1558602004.146786, 87
1558602004.162623, 86
1558602004.177802, 86
1558602004.192452, 86
1558602004.207831, 87
1558602004.223336, 87
1558602004.238973, 86
1558602004.253292, 87
1558602004.268859, 86
1558602004.284003, 85
1558602004.299558, 86
1558602004.314621, 86
1558602004.330192, 87
1558602004.345665, 86
1558602004.360851, 87
1558602004.376616, 87
1558602004.391506, 87
1558602004.406090, 86
1558602004.421704, 88
1558602004.437096, 87
1558602004.452655, 87
1558602004.467615, 87
1558602004.488094, 87
1558602004.507378, 87
1558602004.526629, 87
1558602004.548049, 88
1558602004.569088, 88
1558602004.589076, 88
1558602004.608651, 87
1558602004.626020, 88
1558602004.642991, 88
1558602004.658171, 87
1558602004.673539, 88
1558602004.692607, 87
1558602004.711489, 87
1558602004.730990, 88
1558602004.750143, 88
1558602004.768967, 87
1558602004.788113, 89
1558602004.808803, 88
1558602004.828407, 88
1558602004.848406, 88
1558602004.868056, 89
1558602004.888438, 88
1558602004.907488, 88
1558602004.927958, 88
1558602004.948369, 89
1558602004.969314, 89
1558602004.988700, 88
1558602005.008594, 88
1558602005.028583, 88
1558602005.046516, 88
1558602005.065352, 89
1558602005.084448, 89
1558602005.104250, 88
1558602005.123542, 88
1558602005.144451, 89
1558602005.166778, 87
1558602005.182695, 88
1558602005.197802, 89
1558602005.213146, 88
1558602005.232058, 89
1558602005.247378, 89
1558602005.262692, 89
1558602005.277735, 88
1558602005.293583, 90
1558602005.311300, 89
1558602005.327035, 90
1558602005.341537, 90
1558602005.357128, 89
1558602005.372076, 89
1558602005.387256, 89
1558602005.401943, 89
1558602005.417671, 90
1558602005.432670, 89
1558602005.447450, 90
1558602005.463150, 90
1558602005.478377, 89
1558602005.493116, 90
1558602005.508572, 89
1558602005.523631, 90
1558602005.538601, 89
1558602005.553683, 90
1558602005.570674, 89
1558602005.586248, 90
1558602005.601193, 90
1558602005.616428, 90
1558602005.632423, 89
1558602005.647542, 90
1558602005.662568, 89
1558602005.680368, 89
1558602005.695326, 91
1558602005.714621, 89
1558602005.732865, 91
1558602005.747956, 91
1558602005.762652, 90
1558602005.781101, 91
1558602005.796056, 90
1558602005.811275, 90
1558602005.826950, 90
1558602005.846708, 90
1558602005.862807, 90
1558602005.878204, 90
1558602005.894117, 90
1558602005.914419, 91
1558602005.933879, 91
1558602005.954361, 91
1558602005.974207, 90
1558602005.993426, 90
1558602006.013704, 91
1558602006.033410, 91
1558602006.051782, 90
1558602006.070785, 90
1558602006.089810, 91
1558602006.108847, 90
1558602006.128688, 91
1558602006.148663, 91
1558602006.166076, 91
1558602006.181294, 92
1558602006.196916, 91
1558602006.212639, 91
1558602006.228261, 91
1558602006.243354, 92
1558602006.257977, 91
1558602006.274048, 91
1558602006.290428, 91
1558602006.309424, 91
1558602006.328482, 92
1558602006.348078, 91
1558602006.367056, 92
1558602006.385929, 92
1558602006.405366, 92
1558602006.425338, 91
1558602006.445369, 91
1558602006.469006, 92
1558602006.489001, 91
1558602006.508323, 92
1558602006.527007, 93
1558602006.545698, 91
1558602006.566009, 92
1558602006.584636, 92
1558602006.603512, 92
1558602006.622494, 93
1558602006.642787, 93
1558602006.658256, 92
1558602006.674644, 93
1558602006.690244, 92
1558602006.705285, 93
1558602006.720660, 92
1558602006.736395, 93
1558602006.751351, 92
1558602006.766720, 93
1558602006.782375, 93
1558602006.797879, 92
1558602006.812724, 92
1558602006.828259, 92
1558602006.842979, 93
1558602006.857956, 93
1558602006.873153, 92
1558602006.892897, 92
1558602006.913123, 92
1558602006.932793, 93
1558602006.952171, 92
1558602006.972151, 93
1558602006.988242, 93
1558602007.003482, 92
1558602007.018906, 93
1558602007.034616, 93
1558602007.049596, 92
1558602007.065436, 93
1558602007.080883, 93
1558602007.099068, 93
1558602007.118345, 93
1558602007.137840, 95
1558602007.156433, 94
1558602007.176511, 93
1558602007.195014, 93
1558602007.214234, 94
1558602007.233587, 94
1558602007.251798, 94
1558602007.271003, 93
1558602007.290892, 95
1558602007.309293, 94
1558602007.328790, 91
1558602007.346082, 94
1558602007.363983, 94
1558602007.380153, 93
1558602007.395735, 93
1558602007.410952, 93
1558602007.426378, 94
1558602007.441861, 94
1558602007.456857, 94
1558602007.472146, 94
1558602007.489815, 93
1558602007.504315, 94
1558602007.519573, 95
1558602007.536670, 94
1558602007.551866, 96
1558602007.567900, 94
1558602007.583222, 95
1558602007.598370, 95
1558602007.613231, 94
1558602007.628453, 95
1558602007.643667, 95
1558602007.659046, 95
1558602007.675087, 94
1558602007.690376, 94
1558602007.705415, 94
1558602007.720162, 94
1558602007.734811, 94
1558602007.749910, 96
1558602007.765669, 95
1558602007.780571, 95
1558602007.795553, 95
1558602007.815016, 94
1558602007.834522, 95
1558602007.852109, 96
1558602007.868745, 95
1558602007.884756, 95
1558602007.899411, 94
1558602007.919653, 95
1558602007.939853, 96
1558602007.959352, 94
1558602007.979850, 94
1558602007.998494, 95
1558602008.017507, 95
1558602008.036524, 95
1558602008.055640, 96
1558602008.074446, 96
1558602008.094049, 96
1558602008.113411, 96
1558602008.133554, 95
1558602008.154058, 95
1558602008.177345, 95
1558602008.196869, 96
1558602008.215578, 95
1558602008.234802, 95
1558602008.254656, 96
1558602008.274262, 96
1558602008.294013, 96
1558602008.313469, 97
1558602008.333633, 96
1558602008.352501, 96
1558602008.370041, 96
1558602008.387346, 96
1558602008.402350, 95
1558602008.417232, 95
1558602008.432613, 96
1558602008.448280, 97
1558602008.463551, 97
1558602008.478577, 97
1558602008.494145, 96
1558602008.509235, 97
1558602008.524489, 97
1558602008.539989, 96
1558602008.555931, 97
1558602008.573625, 97
1558602008.589107, 97
1558602008.604036, 96
1558602008.620016, 96
1558602008.635095, 96
1558602008.650444, 97
1558602008.665953, 98
1558602008.681049, 97
1558602008.696267, 97
1558602008.711579, 97
1558602008.726838, 96
1558602008.741453, 96
1558602008.756396, 98
1558602008.771113, 96
1558602008.786659, 97
1558602008.800841, 97
1558602008.815940, 97
1558602008.831082, 96
1558602008.846180, 96
1558602008.861169, 99
1558602008.876977, 97
1558602008.892314, 97
1558602008.907922, 96
1558602008.922552, 97
1558602008.937774, 97
1558602008.953624, 99
1558602008.969176, 99
1558602008.984966, 97
1558602009.000916, 98
1558602009.016141, 98
1558602009.031073, 97
1558602009.046652, 98
1558602009.061819, 98
1558602009.077284, 98
1558602009.092530, 97
1558602009.107175, 98
1558602009.122769, 98
1558602009.139254, 97
1558602009.154815, 99
1558602009.175232, 98
1558602009.195005, 98
1558602009.216367, 97
1558602009.234893, 98
1558602009.254105, 99
1558602009.273368, 99
1558602009.293024, 98
1558602009.312158, 98
1558602009.330633, 97
1558602009.348590, 99
1558602009.364785, 99
1558602009.381091, 97
1558602009.395616, 97
1558602009.409882, 98
1558602009.424766, 98
1558602009.438999, 99
1558602009.452883, 98
1558602009.466895, 100
1558602009.480680, 99
1558602009.494646, 98
1558602009.509217, 99
1558602009.522909, 98
1558602009.537284, 99
1558602009.552266, 99
1558602009.566998, 100
1558602009.581452, 99
1558602009.596198, 99
1558602009.611623, 98
1558602009.625879, 99
1558602009.641682, 97
1558602009.655925, 98
1558602009.670566, 100
1558602009.685570, 100
1558602009.699290, 98
1558602009.713750, 98
1558602009.728455, 98
1558602009.742497, 99
1558602009.757328, 100
1558602009.773281, 100
1558602009.788525, 98
1558602009.803768, 98
1558602009.818855, 97
1558602009.833978, 99
1558602009.850445, 98
1558602009.865234, 98
1558602009.880745, 99
1558602009.896008, 98
1558602009.910948, 98
1558602009.925949, 99
1558602009.942747, 98
1558602009.958179, 98
1558602009.973553, 98
1558602009.988969, 98
1558602010.004195, 98
1558602010.019582, 98
1558602010.034452, 97
1558602010.049799, 98
1558602010.065719, 98
1558602010.081288, 97
1558602010.098849, 97
1558602010.116725, 96
1558602010.131382, 95
1558602010.145957, 96
1558602010.161040, 96
1558602010.176741, 89
1558602010.191260, 89
1558602010.205827, 90
1558602010.220931, 89
1558602010.235886, 83
1558602010.251058, 77
1558602010.266109, 72
1558602010.282541, 67
1558602010.297237, 61
1558602010.311587, 55
1558602010.326465, 48
1558602010.341090, 46
1558602010.355276, 47
1558602010.370463, 48
1558602010.386125, 48
1558602010.400955, 48
1558602010.416847, 48
1558602010.432864, 49
1558602010.448249, 48
1558602010.464018, 48
1558602010.479388, 46
1558602010.494687, 47
1558602010.510108, 47
1558602010.525918, 48
1558602010.540880, 48
1558602010.556141, 48
1558602010.571140, 48
1558602010.586369, 47
1558602010.602104, 47
1558602010.618355, 47
1558602010.633548, 48
1558602010.648700, 48
1558602010.663602, 48
1558602010.678957, 47
1558602010.693872, 48
1558602010.710041, 47
1558602010.725363, 47
1558602010.740753, 47
1558602010.756180, 48
1558602010.772242, 50
1558602010.787853, 49
1558602010.802711, 47
1558602010.818733, 48
1558602010.833947, 48
1558602010.849862, 48
1558602010.864624, 48
1558602010.879511, 48
1558602010.894759, 49
1558602010.909417, 48
1558602010.924829, 49
1558602010.940315, 48
1558602010.956158, 48
1558602010.971308, 49
1558602010.986750, 49
1558602011.002603, 49
1558602011.018145, 48
1558602011.034172, 49
1558602011.049791, 48
1558602011.065463, 48
1558602011.080986, 48
1558602011.096537, 49
1558602011.112162, 49
1558602011.127218, 50
1558602011.141627, 49
1558602011.157641, 50
1558602011.173828, 50
1558602011.189116, 49
1558602011.204007, 49
1558602011.219201, 49
1558602011.234189, 49
1558602011.249199, 50
1558602011.265454, 50
1558602011.285983, 50
1558602011.305726, 50
1558602011.324879, 50
1558602011.342106, 50
1558602011.357935, 49
1558602011.373121, 51
1558602011.388021, 51
1558602011.402698, 51
1558602011.417189, 50
1558602011.432364, 50
1558602011.447708, 51
1558602011.465741, 51
1558602011.481091, 52
1558602011.496071, 50
1558602011.511592, 51
1558602011.526699, 50
1558602011.541384, 51
1558602011.556580, 50
1558602011.571572, 51
1558602011.586770, 53
1558602011.602254, 51
1558602011.618090, 51
1558602011.632858, 50
1558602011.648269, 51
1558602011.662940, 51
1558602011.678420, 52
1558602011.693559, 52
1558602011.708618, 51
1558602011.723292, 51
1558602011.738576, 52
1558602011.754031, 51
1558602011.769670, 51
1558602011.785071, 52
1558602011.800069, 53
1558602011.820475, 52
1558602011.839662, 51
1558602011.854814, 53
1558602011.870796, 53
1558602011.887023, 52
1558602011.901451, 51
1558602011.916298, 52
1558602011.930754, 51
1558602011.946105, 53
1558602011.965190, 53
1558602011.984565, 53
1558602012.004151, 53
1558602012.024581, 52
1558602012.042925, 52
1558602012.060159, 52
1558602012.080014, 54
1558602012.099334, 52
1558602012.119032, 53
1558602012.140087, 53
1558602012.160015, 53
1558602012.178990, 55
1558602012.198092, 53
1558602012.217292, 53
1558602012.236195, 52
1558602012.254826, 53
1558602012.273835, 55
1558602012.292465, 54
1558602012.312817, 53
1558602012.332003, 54
1558602012.352237, 55
1558602012.370403, 54
1558602012.389403, 54
1558602012.408125, 53
1558602012.426451, 54
1558602012.441995, 53
1558602012.457281, 55
1558602012.472285, 54
1558602012.487273, 56
1558602012.506580, 55
1558602012.525488, 54
1558602012.545412, 54
1558602012.565190, 54
1558602012.584421, 54
1558602012.603572, 55
1558602012.622012, 55
1558602012.642836, 55
1558602012.661004, 54
1558602012.680789, 56
1558602012.700031, 55
1558602012.719169, 55
1558602012.738146, 55
1558602012.758558, 54
1558602012.779778, 57
1558602012.800696, 56
1558602012.819851, 55
1558602012.838636, 56
1558602012.857620, 55
1558602012.876658, 56
1558602012.894185, 56
1558602012.909702, 54
1558602012.924968, 56
1558602012.940247, 56
1558602012.954985, 56
1558602012.970487, 56
1558602012.985488, 57
1558602013.000865, 57
1558602013.016388, 56
1558602013.032176, 56
1558602013.047438, 56
1558602013.062646, 56
1558602013.078200, 57
1558602013.094272, 58
1558602013.109497, 56
1558602013.125418, 56
1558602013.144007, 56
1558602013.164444, 56
1558602013.183478, 57
1558602013.204106, 57
1558602013.223753, 57
1558602013.244078, 57
1558602013.261742, 57
1558602013.280679, 59
1558602013.298937, 57
1558602013.317880, 57
1558602013.337178, 57
1558602013.356666, 58
1558602013.377218, 55
1558602013.394585, 58
1558602013.410035, 58
1558602013.425200, 58
1558602013.440529, 57
1558602013.456063, 57
1558602013.471231, 57
1558602013.486118, 59
1558602013.501745, 59
1558602013.517121, 58
1558602013.532216, 59
1558602013.547586, 59
1558602013.562062, 58
1558602013.576812, 58
1558602013.591965, 59
1558602013.607860, 60
1558602013.623420, 58
1558602013.639865, 59
1558602013.655987, 58
1558602013.671530, 58
1558602013.686741, 60
1558602013.701420, 59
1558602013.716890, 60
1558602013.732001, 58
1558602013.746563, 59
1558602013.765721, 58
1558602013.785150, 59
1558602013.804985, 59
1558602013.820606, 59
1558602013.836066, 59
1558602013.851301, 59
1558602013.866483, 60
1558602013.881825, 60
1558602013.895953, 59
1558602013.911728, 61
1558602013.926970, 59
1558602013.942525, 58
1558602013.957586, 58
1558602013.972742, 60
1558602013.987797, 61
1558602014.003204, 60
1558602014.018763, 61
1558602014.034524, 60
1558602014.049941, 59
1558602014.065786, 58
1558602014.081258, 59
1558602014.096104, 61
1558602014.111580, 60
1558602014.126825, 60
1558602014.147842, 61
1558602014.166833, 60
1558602014.182609, 60
1558602014.198056, 62
1558602014.213858, 61
1558602014.229920, 59
1558602014.245578, 61
1558602014.260773, 61
1558602014.276099, 60
1558602014.291596, 62
1558602014.306646, 62
1558602014.324857, 60
1558602014.344242, 60
1558602014.362868, 60
1558602014.381846, 60
1558602014.397351, 61
1558602014.411887, 61
1558602014.426679, 61
1558602014.442381, 61
1558602014.457146, 62
1558602014.471858, 62
1558602014.487208, 63
1558602014.502372, 61
1558602014.517778, 62
1558602014.535918, 61
1558602014.554955, 60
1558602014.573954, 61
1558602014.592993, 62
1558602014.612535, 62
1558602014.630913, 61
1558602014.646485, 61
1558602014.661759, 61
1558602014.677033, 61
1558602014.691842, 62
1558602014.707458, 62
1558602014.722765, 63
1558602014.738221, 61
1558602014.753971, 63
1558602014.769017, 62
1558602014.784472, 63
1558602014.803652, 64
1558602014.824394, 63
1558602014.843679, 62
1558602014.863111, 62
1558602014.882746, 63
1558602014.902158, 63
1558602014.921316, 63
1558602014.939769, 62
1558602014.959822, 62
1558602014.979639, 62
1558602015.001150, 63
1558602015.022793, 64
1558602015.042258, 62
1558602015.062931, 62
1558602015.082224, 64
1558602015.101294, 65
1558602015.119998, 64
1558602015.140327, 63
1558602015.159911, 64
1558602015.179250, 63
1558602015.198203, 64
1558602015.217561, 64
1558602015.237076, 64
1558602015.256955, 63
1558602015.276551, 64
1558602015.296478, 65
1558602015.315767, 65
1558602015.335103, 64
1558602015.353625, 64
1558602015.372594, 64
1558602015.391599, 64
1558602015.409496, 66
1558602015.428109, 66
1558602015.447963, 65
1558602015.465248, 65
1558602015.484276, 64
1558602015.504579, 66
1558602015.522089, 65
1558602015.541066, 65
1558602015.559613, 64
1558602015.577342, 63
1558602015.596538, 66
1558602015.616349, 66
1558602015.635837, 65
1558602015.654743, 65
1558602015.673495, 65
1558602015.692993, 65
1558602015.713077, 65
1558602015.731676, 65
1558602015.750796, 65
1558602015.770725, 66
1558602015.789768, 66
1558602015.808721, 66
1558602015.828066, 66
1558602015.847744, 65
1558602015.864967, 66
1558602015.884854, 67
1558602015.906540, 67
1558602015.926608, 67
1558602015.945004, 66
1558602015.978770, 66
1558602015.998406, 68
1558602016.018096, 68
1558602016.034992, 66
1558602016.049083, 67
1558602016.065571, 66
1558602016.081247, 66
1558602016.097021, 67
1558602016.112409, 68
1558602016.128850, 68
1558602016.143738, 67
1558602016.158564, 67
1558602016.174428, 66
1558602016.190613, 66
1558602016.206119, 67
1558602016.221190, 67
1558602016.236925, 67
1558602016.252065, 66
1558602016.267127, 66
1558602016.282448, 67
1558602016.297789, 69
1558602016.313268, 68
1558602016.328779, 67
1558602016.343854, 67
1558602016.358790, 66
1558602016.374267, 66
1558602016.389525, 66
1558602016.405202, 68
1558602016.420497, 68
1558602016.435412, 68
1558602016.450690, 66
1558602016.471100, 66
1558602016.485640, 68
1558602016.500427, 69
1558602016.515370, 69
1558602016.530997, 68
1558602016.550096, 67
1558602016.569395, 67
1558602016.588727, 66
1558602016.607333, 68
1558602016.626451, 68
1558602016.644022, 69
1558602016.659485, 67
1558602016.679454, 67
1558602016.698244, 69
1558602016.718037, 68
1558602016.737209, 68
1558602016.756927, 67
1558602016.776846, 68
1558602016.799186, 69
1558602016.814187, 69
1558602016.829903, 69
1558602016.845292, 70
1558602016.860210, 68
1558602016.875121, 68
1558602016.889877, 69
1558602016.904645, 69
1558602016.919945, 70
1558602016.940053, 70
1558602016.960721, 69
1558602016.980778, 68
1558602017.000277, 69
1558602017.020001, 70
1558602017.035820, 70
1558602017.050114, 69
1558602017.065868, 69
1558602017.081962, 69
1558602017.097208, 68
1558602017.112568, 69
1558602017.127596, 69
1558602017.142606, 71
1558602017.159070, 69
1558602017.174636, 70
1558602017.189698, 69
1558602017.204882, 70
1558602017.219335, 70
1558602017.234490, 70
1558602017.249683, 70
1558602017.264685, 70
1558602017.279420, 70
1558602017.294845, 69
1558602017.310559, 70
1558602017.326228, 71
1558602017.341211, 71
1558602017.356212, 71
1558602017.370940, 70
1558602017.386597, 70
1558602017.401795, 70
1558602017.416213, 70
1558602017.431340, 71
1558602017.446603, 70
1558602017.462624, 69
1558602017.478062, 70
1558602017.493650, 71
1558602017.508746, 71
1558602017.523721, 72
1558602017.538772, 71
1558602017.554526, 71
1558602017.569045, 70
1558602017.584549, 71
1558602017.604292, 71
1558602017.624077, 70
1558602017.644538, 70
1558602017.659723, 72
1558602017.675218, 71
1558602017.689957, 71
1558602017.705664, 71
1558602017.720433, 72
1558602017.735261, 72
1558602017.750739, 71
1558602017.766402, 70
1558602017.782168, 71
1558602017.797556, 71
1558602017.816466, 72
1558602017.836094, 72
1558602017.855196, 72
1558602017.874722, 72
1558602017.894014, 71
1558602017.909387, 73
1558602017.923122, 72
1558602017.938264, 73
1558602017.954010, 71
1558602017.968867, 72
1558602017.984153, 72
1558602017.999011, 71
1558602018.014856, 72
1558602018.030535, 72
1558602018.045818, 73
1558602018.062844, 72
1558602018.077983, 72
1558602018.094122, 71
1558602018.109515, 73
1558602018.125569, 72
1558602018.140410, 72
1558602018.157423, 73
1558602018.173379, 73
1558602018.189082, 72
1558602018.203937, 72
1558602018.220554, 73
1558602018.235538, 74
1558602018.250739, 73
1558602018.266477, 74
1558602018.282103, 73
1558602018.300644, 73
1558602018.319592, 72
1558602018.338706, 74
1558602018.357602, 73
1558602018.376396, 73
1558602018.396126, 72
1558602018.415803, 74
1558602018.434749, 74
1558602018.453433, 73
1558602018.472238, 74
1558602018.488284, 72
1558602018.503181, 72
1558602018.517875, 74
1558602018.532148, 75
1558602018.546370, 75
1558602018.561202, 73
1558602018.576574, 74
1558602018.590785, 73
1558602018.605384, 74
1558602018.620879, 74
1558602018.635623, 74
1558602018.650619, 74
1558602018.665640, 75
1558602018.681728, 74
1558602018.697152, 74
1558602018.712611, 73
1558602018.727600, 74
1558602018.742544, 75
1558602018.757344, 74
1558602018.772941, 74
1558602018.788872, 73
1558602018.803702, 74
1558602018.818484, 75
1558602018.834740, 75
1558602018.849906, 74
1558602018.864551, 76
1558602018.879477, 75
1558602018.894642, 74
1558602018.909871, 74
1558602018.924703, 75
1558602018.939931, 75
1558602018.955230, 75
1558602018.969763, 75
1558602018.985610, 75
1558602019.001384, 75
1558602019.016652, 73
1558602019.032531, 75
1558602019.048213, 75
1558602019.068373, 75
1558602019.083805, 75
1558602019.099068, 74
1558602019.114638, 75
1558602019.130088, 76
1558602019.144630, 75
1558602019.160002, 75
1558602019.179196, 76
1558602019.197953, 74
1558602019.216646, 75
1558602019.236808, 76
1558602019.255180, 76
1558602019.270599, 76
1558602019.289779, 76
1558602019.309939, 75
1558602019.325508, 75
1558602019.344436, 77
1558602019.364243, 75
1558602019.383425, 76
1558602019.398151, 76
1558602019.413022, 75
1558602019.427039, 76
1558602019.441887, 76
1558602019.457023, 76
1558602019.471974, 76
1558602019.487263, 76
1558602019.502514, 76
1558602019.518784, 75
1558602019.533785, 76
1558602019.548684, 76
1558602019.564782, 77
1558602019.584389, 77
1558602019.603355, 76
1558602019.622979, 77
1558602019.642246, 77
1558602019.657673, 76
1558602019.678593, 77
1558602019.698190, 77
1558602019.717903, 76
1558602019.736557, 78
1558602019.753278, 78
1558602019.767040, 78
1558602019.781618, 78
1558602019.796230, 78
1558602019.810733, 77
1558602019.824204, 76
1558602019.839448, 77
1558602019.853405, 77
1558602019.867417, 76
1558602019.881836, 77
1558602019.896542, 77
1558602019.911279, 77
1558602019.925967, 77
1558602019.940323, 78
1558602019.954938, 78
1558602019.970261, 79
1558602019.985342, 78
1558602020.000177, 79
1558602020.014414, 79
1558602020.029294, 77
1558602020.044230, 77
1558602020.058594, 79
1558602020.073635, 78
1558602020.089067, 78
1558602020.103851, 77
1558602020.118998, 77
1558602020.134806, 76
1558602020.149745, 78
1558602020.165041, 78
1558602020.181912, 78
1558602020.197670, 78
1558602020.213197, 77
1558602020.228102, 77
1558602020.243801, 77
1558602020.259664, 79
1558602020.274853, 78
1558602020.289711, 78
1558602020.304894, 78
1558602020.320343, 78
1558602020.334761, 78
1558602020.349828, 77
1558602020.364935, 78
1558602020.379912, 79
1558602020.395768, 80
1558602020.411402, 79
1558602020.426451, 78
1558602020.442251, 78
1558602020.457321, 79
1558602020.472614, 78
1558602020.487963, 79
1558602020.503493, 79
1558602020.518576, 78
1558602020.533500, 79
1558602020.548269, 78
1558602020.564179, 79
1558602020.579096, 79
1558602020.598762, 79
1558602020.617965, 80
1558602020.636917, 80
1558602020.654901, 79
1558602020.673645, 79
1558602020.693136, 79
1558602020.712275, 80
1558602020.731521, 81
1558602020.749635, 80
1558602020.768387, 80
1558602020.786129, 81
1558602020.804968, 81
1558602020.824100, 81
1558602020.843249, 80
1558602020.862689, 79
1558602020.878670, 82
1558602020.893852, 81
1558602020.909062, 79
1558602020.924329, 80
1558602020.939203, 81
1558602020.954268, 80
1558602020.970602, 80
1558602020.986043, 81
1558602021.001162, 80
1558602021.016494, 80
1558602021.036740, 80
1558602021.056276, 80
1558602021.075256, 80
1558602021.095260, 80
1558602021.114715, 80
1558602021.134388, 82
1558602021.152535, 81
1558602021.170915, 80
1558602021.189492, 80
1558602021.209320, 82
1558602021.229626, 81
1558602021.249443, 82
1558602021.269237, 81
1558602021.288158, 80
1558602021.308767, 81
1558602021.327986, 81
1558602021.347468, 81
1558602021.367425, 81
1558602021.386567, 81
1558602021.403314, 80
1558602021.419145, 82
1558602021.433850, 81
1558602021.448212, 82
1558602021.466838, 81
1558602021.482225, 81
1558602021.497686, 80
1558602021.512846, 81
1558602021.527795, 81
1558602021.542522, 82
1558602021.557408, 81
1558602021.572680, 82
1558602021.587978, 83
1558602021.603266, 81
1558602021.617879, 82
1558602021.633063, 83
1558602021.648011, 83
1558602021.663311, 82
1558602021.678598, 83
1558602021.694660, 82
1558602021.709651, 82
1558602021.725016, 82
1558602021.740635, 82
1558602021.755692, 82
1558602021.770216, 82
1558602021.785282, 83
1558602021.801255, 82
1558602021.816190, 82
1558602021.831434, 82
1558602021.852613, 83
1558602021.870710, 82
1558602021.891234, 83
1558602021.909480, 83
1558602021.925163, 82
1558602021.939726, 81
1558602021.954703, 82
1558602021.970261, 83
1558602021.986062, 83
1558602022.002647, 81
1558602022.017789, 84
1558602022.032981, 83
1558602022.047841, 83
1558602022.062868, 83
1558602022.078542, 83
1558602022.094158, 83
1558602022.109326, 81
1558602022.125199, 84
1558602022.141170, 84
1558602022.156385, 83
1558602022.171564, 84
1558602022.187078, 83
1558602022.202724, 83
1558602022.217151, 83
1558602022.232355, 83
1558602022.246973, 84
1558602022.262743, 83
1558602022.277417, 84
1558602022.293098, 84
1558602022.308279, 82
1558602022.322751, 82
1558602022.338059, 83
1558602022.354422, 84
1558602022.369933, 83
1558602022.385159, 84
1558602022.401100, 84
1558602022.415854, 84
1558602022.432178, 84
1558602022.447659, 84
1558602022.462727, 84
1558602022.477804, 83
1558602022.492609, 84
1558602022.507336, 84
1558602022.521583, 84
1558602022.537205, 83
1558602022.552045, 84
1558602022.566918, 84
1558602022.582198, 83
1558602022.597668, 85
1558602022.613257, 83
1558602022.628482, 85
1558602022.642594, 84
1558602022.658669, 84
1558602022.678605, 84
1558602022.698534, 84
1558602022.717579, 83
1558602022.736327, 84
1558602022.756140, 85
1558602022.774659, 84
1558602022.793242, 86
1558602022.812030, 83
1558602022.831056, 85
1558602022.850770, 85
1558602022.870901, 85
1558602022.891745, 86
1558602022.911291, 85
1558602022.930714, 86
1558602022.950902, 86
1558602022.970651, 85
1558602022.990132, 86
1558602023.010357, 85
1558602023.030942, 86
1558602023.050890, 87
1558602023.069703, 86
1558602023.090070, 87
1558602023.109789, 86
1558602023.138165, 85
1558602023.162552, 87
1558602023.177603, 87
1558602023.191982, 86
1558602023.206527, 87
1558602023.222420, 85
1558602023.237708, 87
1558602023.253254, 87
1558602023.268789, 87
1558602023.284467, 86
1558602023.298944, 86
1558602023.318668, 86
1558602023.338600, 87
1558602023.358772, 86
1558602023.377988, 87
1558602023.398034, 87
1558602023.417852, 85
1558602023.436965, 87
1558602023.452195, 86
1558602023.468049, 86
1558602023.484046, 86
1558602023.503562, 86
1558602023.522699, 85
1558602023.541098, 87
1558602023.559801, 86
1558602023.578137, 87
1558602023.599116, 86
1558602023.618600, 86
1558602023.639517, 87
1558602023.659197, 86
1558602023.674716, 87
1558602023.690071, 87
1558602023.704929, 87
1558602023.719414, 88
1558602023.734467, 86
1558602023.750190, 87
1558602023.766023, 88
1558602023.782210, 88
1558602023.797784, 87
1558602023.812944, 87
1558602023.828176, 87
1558602023.843301, 86
1558602023.858417, 87
1558602023.874073, 88
1558602023.889559, 87
1558602023.904707, 87
1558602023.919720, 87
1558602023.935584, 88
1558602023.950921, 87
1558602023.966306, 87
1558602023.981884, 87
1558602024.001250, 87
1558602024.021748, 88
1558602024.041082, 88
1558602024.060829, 87
1558602024.080633, 88
1558602024.100047, 88
1558602024.118409, 88
1558602024.138809, 88
1558602024.156349, 88
1558602024.174892, 88
1558602024.193563, 89
1558602024.214080, 89
1558602024.233264, 88
1558602024.248451, 89
1558602024.263227, 89
1558602024.278103, 89
1558602024.293972, 88
1558602024.309695, 88
1558602024.324416, 88
1558602024.340673, 88
1558602024.355716, 88
1558602024.371197, 88
1558602024.386880, 88
1558602024.401196, 89
1558602024.415316, 89
1558602024.430040, 88
1558602024.445440, 87
1558602024.461026, 88
1558602024.476120, 89
1558602024.491842, 88
1558602024.506708, 88
1558602024.522532, 88
1558602024.537154, 90
1558602024.553088, 89
1558602024.568317, 89
1558602024.583247, 89
1558602024.599056, 90
1558602024.614875, 89
1558602024.630033, 90
1558602024.645421, 89
1558602024.665901, 89
1558602024.685783, 89
1558602024.706163, 89
1558602024.725029, 89
1558602024.739995, 91
1558602024.755267, 89
1558602024.770459, 89
1558602024.785189, 89
1558602024.800385, 90
1558602024.815835, 90
1558602024.831558, 90
1558602024.846888, 90
1558602024.861767, 90
1558602024.877849, 89
1558602024.893705, 89
1558602024.913566, 89
1558602024.932739, 89
1558602024.952017, 89
1558602024.971516, 90
1558602024.990089, 90
1558602025.008836, 91
1558602025.029660, 90
1558602025.048842, 90
1558602025.067998, 90
1558602025.083052, 90
1558602025.098753, 90
1558602025.114065, 91
1558602025.134021, 92
1558602025.153994, 90
1558602025.173249, 90
1558602025.192357, 91
1558602025.207921, 90
1558602025.222838, 90
1558602025.238050, 90
1558602025.253339, 91
1558602025.268564, 90
1558602025.283707, 91
1558602025.299690, 91
1558602025.314588, 90
1558602025.330336, 90
1558602025.345939, 91
1558602025.361197, 90
1558602025.377341, 91
1558602025.393131, 90
1558602025.413011, 91
1558602025.433384, 90
1558602025.452436, 92
1558602025.471207, 91
1558602025.490508, 90
1558602025.509384, 91
1558602025.525004, 92
1558602025.540309, 91
1558602025.555806, 92
1558602025.570598, 91
1558602025.584820, 92
1558602025.600668, 91
1558602025.616611, 91
1558602025.631442, 92
1558602025.645795, 92
1558602025.661110, 91
1558602025.681960, 91
1558602025.701788, 92
1558602025.720640, 92
1558602025.739624, 91
1558602025.758678, 92
1558602025.777441, 91
1558602025.796176, 92
1558602025.816087, 92
1558602025.836003, 92
1558602025.855642, 90
1558602025.875505, 91
1558602025.892234, 92
1558602025.907856, 92
1558602025.923436, 92
1558602025.938491, 93
1558602025.952983, 94
1558602025.967797, 92
1558602025.982951, 92
1558602025.998029, 92
1558602026.013290, 92
1558602026.028440, 92
1558602026.043774, 94
1558602026.062700, 93
1558602026.082240, 92
1558602026.100610, 92
1558602026.118896, 92
1558602026.137887, 93
1558602026.159053, 92
1558602026.178619, 93
1558602026.198221, 92
1558602026.217610, 92
1558602026.236868, 92
1558602026.251966, 94
1558602026.267231, 92
1558602026.282695, 93
1558602026.297308, 93
1558602026.312697, 93
1558602026.327701, 92
1558602026.342698, 92
1558602026.357987, 93
1558602026.373106, 93
1558602026.393815, 