1558601845.358580, 0
1558601845.374237, 0
1558601845.388113, 0
1558601845.413570, 4
1558601845.427391, 4
1558601845.445046, 4
1558601845.460274, 11
1558601845.475897, 16
1558601845.490607, 17
1558601845.506960, 18
1558601845.521765, 19
1558601845.540332, 20
1558601845.559156, 20
1558601845.578057, 19
1558601845.597210, 20
1558601845.612630, 20
1558601845.627753, 20
1558601845.642669, 18
1558601845.658536, 20
1558601845.673902, 18
1558601845.692033, 20
1558601845.706887, 20
1558601845.721795, 19
1558601845.736180, 18
1558601845.751417, 20
1558601845.765718, 18
1558601845.780379, 19
1558601845.795604, 20
1558601845.810537, 19
1558601845.825545, 19
1558601845.840097, 18
1558601845.855286, 19
1558601845.870400, 13
1558601845.885952, 19
1558601845.901323, 17
1558601845.915374, 15
1558601845.931006, 14
1558601845.945281, 14
1558601845.960618, 11
1558601845.975905, 15
1558601845.990780, 16
1558601846.006226, 13
1558601846.021481, 14
1558601846.037400, 13
1558601846.051972, 12
1558601846.065973, 14
1558601846.086095, 14
1558601846.106796, 13
1558601846.127388, 13
1558601846.145809, 13
1558601846.165633, 14
1558601846.186032, 16
1558601846.206036, 15
1558601846.225345, 14
1558601846.244833, 14
1558601846.263611, 16
1558601846.282910, 17
1558601846.303195, 16
1558601846.325610, 15
1558601846.344834, 16
1558601846.364879, 17
1558601846.384692, 17
1558601846.404107, 18
1558601846.423789, 17
1558601846.443408, 17
1558601846.461886, 16
1558601846.480862, 18
1558601846.499974, 18
1558601846.519513, 17
1558601846.536546, 17
1558601846.551189, 16
1558601846.566219, 18
1558601846.580571, 19
1558601846.598122, 19
1558601846.612942, 18
1558601846.633544, 18
1558601846.653137, 18
1558601846.667696, 18
1558601846.686499, 20
1558601846.703933, 19
1558601846.719284, 20
1558601846.736717, 19
1558601846.752361, 19
1558601846.766853, 18
1558601846.785508, 20
1558601846.802790, 20
1558601846.820582, 12
1558601846.835252, 7
1558601846.850908, 7
1558601846.866041, 6
1558601846.882109, 8
1558601846.897492, 7
1558601846.912350, 7
1558601846.927715, 7
1558601846.942432, 7
1558601846.957180, 8
1558601846.972986, 8
1558601846.988735, 9
1558601847.003192, 11
1558601847.019225, 8
1558601847.034201, 9
1558601847.048668, 8
1558601847.064394, 9
1558601847.079671, 11
1558601847.095119, 9
1558601847.110730, 9
1558601847.128540, 11
1558601847.144285, 10
1558601847.158624, 11
1558601847.173036, 12
1558601847.196176, 12
1558601847.211880, 10
1558601847.225614, 11
1558601847.241145, 11
1558601847.255193, 11
1558601847.271900, 12
1558601847.286310, 14
1558601847.303625, 13
1558601847.319423, 13
1558601847.334636, 12
1558601847.349551, 13
1558601847.364535, 13
1558601847.381246, 15
1558601847.401531, 14
1558601847.416087, 13
1558601847.431683, 13
1558601847.446189, 14
1558601847.462393, 14
1558601847.478207, 14
1558601847.494077, 15
1558601847.513864, 14
1558601847.534449, 15
1558601847.554623, 15
1558601847.570415, 16
1558601847.586178, 16
1558601847.601916, 17
1558601847.616963, 17
1558601847.631915, 15
1558601847.646931, 15
1558601847.662082, 16
1558601847.677885, 16
1558601847.694227, 17
1558601847.709341, 17
1558601847.724654, 18
1558601847.739854, 17
1558601847.755260, 17
1558601847.770345, 17
1558601847.786488, 18
1558601847.801774, 18
1558601847.817181, 19
1558601847.831799, 17
1558601847.847402, 18
1558601847.862441, 17
1558601847.876914, 17
1558601847.892418, 19
1558601847.907469, 19
1558601847.922971, 19
1558601847.937855, 18
1558601847.953474, 18
1558601847.969039, 19
1558601847.983260, 18
1558601847.998735, 20
1558601848.013990, 19
1558601848.030082, 12
1558601848.048807, 7
1558601848.069960, 7
1558601848.084935, 7
1558601848.100289, 8
1558601848.115222, 7
1558601848.130943, 7
1558601848.146400, 7
1558601848.162605, 8
1558601848.178183, 7
1558601848.193547, 9
1558601848.209387, 9
1558601848.224771, 8
1558601848.239969, 8
1558601848.255041, 9
1558601848.269567, 9
1558601848.284327, 9
1558601848.300078, 10
1558601848.314803, 11
1558601848.329932, 10
1558601848.344768, 10
1558601848.360644, 10
1558601848.375956, 10
1558601848.390545, 11
1558601848.405260, 12
1558601848.420625, 10
1558601848.435896, 11
1558601848.450715, 11
1558601848.466516, 11
1558601848.481964, 13
1558601848.497155, 14
1558601848.513260, 13
1558601848.528941, 13
1558601848.544144, 12
1558601848.559084, 12
1558601848.574875, 12
1558601848.590578, 14
1558601848.606143, 14
1558601848.621311, 14
1558601848.636632, 14
1558601848.652246, 13
1558601848.666648, 15
1558601848.682853, 14
1558601848.697990, 16
1558601848.714673, 15
1558601848.730363, 14
1558601848.745567, 15
1558601848.760233, 14
1558601848.774645, 16
1558601848.789246, 15
1558601848.804631, 16
1558601848.819978, 17
1558601848.835020, 15
1558601848.853265, 15
1558601848.868541, 16
1558601848.883695, 16
1558601848.898969, 17
1558601848.915280, 17
1558601848.929562, 18
1558601848.944444, 16
1558601848.959458, 17
1558601848.974664, 18
1558601848.989476, 17
1558601849.005545, 18
1558601849.021637, 19
1558601849.036505, 17
1558601849.051651, 18
1558601849.066775, 17
1558601849.083258, 18
1558601849.098219, 18
1558601849.112998, 18
1558601849.127912, 20
1558601849.144078, 19
1558601849.159591, 18
1558601849.176130, 19
1558601849.191284, 19
1558601849.206227, 19
1558601849.221674, 19
1558601849.241113, 19
1558601849.260256, 19
1558601849.280256, 19
1558601849.300932, 20
1558601849.322594, 19
1558601849.340671, 10
1558601849.360762, 7
1558601849.379232, 7
1558601849.397430, 7
1558601849.417313, 8
1558601849.436391, 8
1558601849.455414, 8
1558601849.474967, 8
1558601849.494919, 10
1558601849.514475, 11
1558601849.534166, 10
1558601849.550049, 9
1558601849.566078, 9
1558601849.581645, 11
1558601849.602264, 11
1558601849.622843, 10
1558601849.644202, 10
1558601849.663438, 11
1558601849.678816, 12
1558601849.694885, 12
1558601849.714438, 12
1558601849.733776, 12
1558601849.753274, 12
1558601849.772832, 12
1558601849.791937, 13
1558601849.812149, 13
1558601849.831861, 13
1558601849.851747, 13
1558601849.869909, 13
1558601849.888655, 13
1558601849.904383, 15
1558601849.919615, 15
1558601849.934562, 15
1558601849.949515, 15
1558601849.965206, 14
1558601849.980764, 14
1558601849.996074, 16
1558601850.010697, 17
1558601850.026433, 16
1558601850.046663, 15
1558601850.066822, 16
1558601850.084881, 16
1558601850.100453, 14
1558601850.115139, 16
1558601850.130493, 16
1558601850.145915, 15
1558601850.161821, 16
1558601850.177433, 17
1558601850.193495, 16
1558601850.209089, 17
1558601850.223868, 17
1558601850.238843, 17
1558601850.254531, 16
1558601850.270586, 16
1558601850.285388, 16
1558601850.301417, 18
1558601850.316793, 18
1558601850.332022, 20
1558601850.347408, 20
1558601850.362939, 18
1558601850.378052, 18
1558601850.393363, 18
1558601850.408153, 19
1558601850.423470, 19
1558601850.438982, 19
1558601850.453696, 18
1558601850.469074, 18
1558601850.484310, 18
1558601850.499310, 19
1558601850.514566, 19
1558601850.529591, 19
1558601850.544360, 19
1558601850.560019, 20
1558601850.575202, 20
1558601850.590873, 19
1558601850.606245, 20
1558601850.625939, 20
1558601850.644798, 18
1558601850.663679, 20
1558601850.678493, 19
1558601850.693815, 19
1558601850.708968, 15
1558601850.723209, 10
1558601850.738355, 8
1558601850.753146, 7
1558601850.767640, 9
1558601850.782015, 8
1558601850.797459, 9
1558601850.812480, 9
1558601850.827441, 9
1558601850.842553, 8
1558601850.858769, 8
1558601850.874439, 8
1558601850.889132, 10
1558601850.904198, 10
1558601850.919231, 10
1558601850.934377, 11
1558601850.948951, 10
1558601850.964049, 10
1558601850.978775, 9
1558601850.993893, 11
1558601851.009348, 10
1558601851.025356, 11
1558601851.040624, 10
1558601851.055352, 12
1558601851.070608, 12
1558601851.086157, 11
1558601851.101398, 12
1558601851.117433, 13
1558601851.136356, 13
1558601851.152933, 13
1558601851.167583, 13
1558601851.182894, 12
1558601851.203219, 13
1558601851.217947, 14
1558601851.233490, 14
1558601851.248804, 13
1558601851.264431, 13
1558601851.280873, 13
1558601851.297962, 14
1558601851.313886, 14
1558601851.330486, 15
1558601851.347347, 15
1558601851.363555, 14
1558601851.380371, 14
1558601851.397225, 14
1558601851.414084, 16
1558601851.430993, 16
1558601851.447077, 16
1558601851.463291, 16
1558601851.480675, 16
1558601851.497549, 15
1558601851.514610, 16
1558601851.530501, 18
1558601851.546584, 18
1558601851.562747, 18
1558601851.578464, 17
1558601851.595254, 17
1558601851.611742, 16
1558601851.628195, 19
1558601851.644873, 18
1558601851.661950, 18
1558601851.677421, 17
1558601851.693398, 17
1558601851.721401, 17
1558601851.741086, 19
1558601851.756692, 19
1558601851.770691, 19
1558601851.786540, 18
1558601851.802919, 19
1558601851.818303, 19
1558601851.833037, 18
1558601851.851016, 17
1558601851.865479, 18
1558601851.879826, 18
1558601851.895343, 17
1558601851.910621, 17
1558601851.926568, 19
1558601851.942529, 11
1558601851.957871, 7
1558601851.972842, 6
1558601851.987837, 6
1558601852.002129, 7
1558601852.016420, 7
1558601852.031816, 7
1558601852.047556, 7
1558601852.063629, 7
1558601852.079971, 7
1558601852.098573, 7
1558601852.113796, 7
1558601852.130129, 8
1558601852.146533, 9
1558601852.162747, 8
1558601852.179711, 9
1558601852.200500, 10
1558601852.217038, 10
1558601852.232430, 10
1558601852.248935, 9
1558601852.265558, 11
1558601852.281493, 10
1558601852.297333, 11
1558601852.314674, 11
1558601852.331702, 12
1558601852.348100, 12
1558601852.364262, 12
1558601852.380309, 12
1558601852.397330, 11
1558601852.413607, 13
1558601852.430572, 14
1558601852.446882, 13
1558601852.463131, 13
1558601852.479795, 12
1558601852.495505, 12
1558601852.511786, 12
1558601852.527867, 15
1558601852.544662, 14
1558601852.560046, 14
1558601852.574877, 14
1558601852.589927, 13
1558601852.604523, 15
1558601852.618825, 14
1558601852.633614, 16
1558601852.654686, 15
1558601852.675169, 15
1558601852.696411, 16
1558601852.717964, 15
1558601852.737006, 17
1558601852.751863, 17
1558601852.766587, 15
1558601852.781891, 15
1558601852.796690, 15
1558601852.811569, 16
1558601852.825674, 15
1558601852.841185, 18
1558601852.857413, 18
1558601852.872003, 17
1558601852.886810, 16
1558601852.901989, 17
1558601852.916623, 16
1558601852.932096, 18
1558601852.949444, 18
1558601852.966481, 19
1558601852.982427, 17
1558601852.999627, 18
1558601853.016546, 18
1558601853.032980, 20
1558601853.049745, 19
1558601853.067786, 20
1558601853.083238, 19
1558601853.099571, 18
1558601853.116170, 19
1558601853.132740, 20
1558601853.149019, 19
1558601853.165234, 20
1558601853.182195, 18
1558601853.198109, 18
1558601853.214937, 19
1558601853.232804, 19
1558601853.251513, 19
1558601853.270754, 13
1558601853.286165, 9
1558601853.301471, 8
1558601853.317483, 7
1558601853.335303, 7
1558601853.354496, 7
1558601853.370853, 7
1558601853.387172, 8
1558601853.402625, 9
1558601853.417779, 9
1558601853.432684, 8
1558601853.447429, 9
1558601853.462040, 9
1558601853.475903, 10
1558601853.491546, 8
1558601853.509092, 9
1558601853.527836, 9
1558601853.543423, 11
1558601853.557475, 10
1558601853.572352, 10
1558601853.587033, 10
1558601853.601718, 10
1558601853.616636, 10
1558601853.632002, 12
1558601853.647866, 13
1558601853.663653, 11
1558601853.678912, 11
1558601853.693081, 12
1558601853.707425, 12
1558601853.721455, 11
1558601853.736602, 13
1558601853.751175, 13
1558601853.765430, 13
1558601853.781021, 13
1558601853.801215, 13
1558601853.821071, 13
1558601853.850461, 16
1558601853.877288, 13
1558601853.893348, 15
1558601853.914206, 15
1558601853.928872, 14
1558601853.945150, 15
1558601853.959573, 16
1558601853.974404, 14
1558601853.992354, 14
1558601854.006699, 16
1558601854.021964, 15
1558601854.038193, 16
1558601854.053571, 16
1558601854.068667, 17
1558601854.084039, 16
1558601854.100109, 15
1558601854.115301, 16
1558601854.131355, 16
1558601854.148565, 17
1558601854.165737, 18
1558601854.182555, 17
1558601854.199427, 17
1558601854.216526, 17
1558601854.233338, 18
1558601854.249261, 19
1558601854.264225, 18
1558601854.278629, 18
1558601854.294661, 18
1558601854.310080, 17
1558601854.324515, 17
1558601854.338908, 19
1558601854.353356, 20
1558601854.368103, 19
1558601854.384935, 19
1558601854.402631, 19
1558601854.418740, 18
1558601854.434247, 19
1558601854.451062, 20
1558601854.466375, 20
1558601854.482717, 19
1558601854.498760, 18
1558601854.519881, 18
1558601854.540937, 17
1558601854.559886, 17
1558601854.574595, 10
1558601854.589575, 8
1558601854.604021, 7
1558601854.618761, 7
1558601854.633738, 8
1558601854.649861, 8
1558601854.665136, 9
1558601854.680975, 9
1558601854.697890, 8
1558601854.715193, 9
1558601854.735271, 8
1558601854.750662, 11
1558601854.768257, 10
1558601854.783795, 9
1558601854.798743, 9
1558601854.812930, 9
1558601854.827969, 10
1558601854.844840, 10
1558601854.859919, 12
1558601854.875071, 11
1558601854.890688, 11
1558601854.904307, 12
1558601854.918437, 11
1558601854.934806, 11
1558601854.950504, 12
1558601854.966560, 13
1558601854.982615, 12
1558601855.000139, 12
1558601855.017098, 12
1558601855.033473, 11
1558601855.049816, 12
1558601855.066684, 13
1558601855.083973, 13
1558601855.101257, 14
1558601855.117121, 13
1558601855.134816, 13
1558601855.152743, 15
1558601855.169168, 14
1558601855.184591, 16
1558601855.200660, 14
1558601855.216656, 15
1558601855.233972, 15
1558601855.251221, 15
1558601855.268669, 15
1558601855.283697, 17
1558601855.299734, 14
1558601855.316748, 15
1558601855.333452, 15
1558601855.349499, 15
1558601855.365655, 17
1558601855.382129, 18
1558601855.400529, 17
1558601855.415951, 16
1558601855.431599, 16
1558601855.448045, 16
1558601855.465653, 17
1558601855.480811, 18
1558601855.500725, 17
1558601855.517739, 17
1558601855.532397, 18
1558601855.552409, 18
1558601855.572792, 17
1558601855.591240, 18
1558601855.619614, 18
1558601855.638491, 18
1558601855.654261, 18
1558601855.668640, 19
1558601855.683247, 20
1558601855.698816, 20
1558601855.715136, 18
1558601855.732104, 19
1558601855.749271, 18
1558601855.764740, 20
1558601855.779974, 19
1558601855.794606, 19
1558601855.809457, 17
1558601855.824703, 10
1558601855.839957, 7
1558601855.854828, 6
1558601855.869617, 7
1558601855.884832, 7
1558601855.899841, 6
1558601855.914900, 7
1558601855.936587, 8
1558601855.957547, 9
1558601855.980958, 9
1558601856.002834, 9
1558601856.022193, 9
1558601856.043106, 8
1558601856.064690, 10
1558601856.086014, 10
1558601856.106820, 10
1558601856.129682, 10
1558601856.148344, 11
1558601856.167118, 12
1558601856.185920, 12
1558601856.201164, 10
1558601856.217472, 12
1558601856.232478, 12
1558601856.247842, 11
1558601856.263549, 12
1558601856.278975, 13
1558601856.294125, 12
1558601856.308868, 13
1558601856.328281, 13
1558601856.343678, 12
1558601856.360643, 13
1558601856.375905, 14
1558601856.392539, 14
1558601856.407885, 12
1558601856.423065, 13
1558601856.438584, 13
1558601856.454595, 14
1558601856.470083, 14
1558601856.489509, 16
1558601856.503886, 15
1558601856.519892, 14
1558601856.535511, 15
1558601856.550750, 15
1558601856.565713, 16
1558601856.583403, 15
1558601856.602110, 16
1558601856.617650, 16
1558601856.632753, 15
1558601856.648216, 16
1558601856.662655, 16
1558601856.678420, 16
1558601856.693904, 18
1558601856.708762, 16
1558601856.724225, 16
1558601856.739656, 16
1558601856.754650, 16
1558601856.769798, 17
1558601856.785432, 17
1558601856.801321, 18
1558601856.815855, 18
1558601856.831029, 18
1558601856.846071, 17
1558601856.860829, 18
1558601856.876817, 18
1558601856.895624, 19
1558601856.915113, 18
1558601856.935321, 18
1558601856.954372, 19
1558601856.972859, 19
1558601856.991715, 20
1558601857.010169, 19
1558601857.030707, 19
1558601857.049233, 19
1558601857.064954, 19
1558601857.080962, 20
1558601857.096910, 19
1558601857.112282, 18
1558601857.128159, 20
1558601857.149143, 19
1558601857.164580, 19
1558601857.179321, 19
1558601857.194994, 12
1558601857.211258, 8
1558601857.226837, 6
1558601857.241227, 2
1558601857.255607, 2
1558601857.271636, 3
1558601857.288170, 3
1558601857.303623, 1
1558601857.319230, 3
1558601857.334708, 3
1558601857.349299, 2
1558601857.363930, 3
1558601857.379286, 3
1558601857.395045, 3
1558601857.410030, 3
1558601857.425395, 4
1558601857.440799, 3
1558601857.455631, 4
1558601857.470465, 4
1558601857.485261, 4
1558601857.500698, 6
1558601857.516151, 5
1558601857.531416, 6
1558601857.550779, 5
1558601857.565793, 7
1558601857.582796, 7
1558601857.598710, 6
1558601857.614494, 7
1558601857.629654, 6
1558601857.645318, 8
1558601857.661594, 7
1558601857.676177, 10
1558601857.691989, 8
1558601857.706925, 9
1558601857.722761, 7
1558601857.738063, 8
1558601857.753456, 8
1558601857.774174, 10
1558601857.795222, 9
1558601857.814904, 11
1558601857.834676, 10
1558601857.853718, 9
1558601857.874060, 11
1558601857.892941, 11
1558601857.912176, 11
1558601857.931519, 11
1558601857.949794, 13
1558601857.964864, 11
1558601857.980491, 12
1558601857.995439, 14
1558601858.010110, 12
1558601858.025004, 12
1558601858.039970, 13
1558601858.055510, 12
1558601858.069997, 12
1558601858.084908, 14
1558601858.101273, 14
1558601858.115825, 13
1558601858.131124, 14
1558601858.149396, 13
1558601858.165003, 13
1558601858.179574, 15
1558601858.195091, 15
1558601858.210095, 16
1558601858.224952, 14
1558601858.240639, 13
1558601858.256221, 14
1558601858.271290, 15
1558601858.286530, 16
1558601858.302222, 16
1558601858.317144, 16
1558601858.332098, 16
1558601858.347460, 15
1558601858.362938, 16
1558601858.378755, 17
1558601858.393765, 17
1558601858.409242, 18
1558601858.424691, 17
1558601858.440103, 16
1558601858.454970, 17
1558601858.471345, 17
1558601858.491700, 19
1558601858.510522, 19
1558601858.529158, 18
1558601858.548707, 18
1558601858.568314, 18
1558601858.589395, 18
1558601858.609326, 19
1558601858.625129, 18
1558601858.640809, 19
1558601858.657289, 19
1558601858.672805, 19
1558601858.689497, 19
1558601858.705300, 19
1558601858.720164, 19
1558601858.735466, 19
1558601858.750696, 19
1558601858.765161, 19
1558601858.779986, 19
1558601858.794886, 20
1558601858.810684, 19
1558601858.826031, 19
1558601858.842034, 19
1558601858.857542, 20
1558601858.872769, 19
1558601858.888878, 19
1558601858.903431, 19
1558601858.923220, 20
1558601858.943167, 18
1558601858.970935, 13
1558601858.986825, 14
1558601859.002455, 12
1558601859.017130, 6
1558601859.032250, 7
1558601859.047307, 7
1558601859.062945, 7
1558601859.079224, 7
1558601859.094649, 10
1558601859.109623, 8
1558601859.124571, 9
1558601859.139667, 9
1558601859.155756, 9
1558601859.170405, 9
1558601859.184837, 10
1558601859.200120, 11
1558601859.215168, 10
1558601859.230629, 9
1558601859.245392, 10
1558601859.260515, 11
1558601859.275065, 10
1558601859.289871, 13
1558601859.306360, 12
1558601859.321635, 11
1558601859.336741, 11
1558601859.351673, 12
1558601859.366581, 11
1558601859.381324, 12
1558601859.396122, 12
1558601859.412089, 14
1558601859.427461, 12
1558601859.443428, 13
1558601859.462132, 13
1558601859.482455, 14
1558601859.502794, 15
1558601859.522576, 14
1558601859.538231, 13
1558601859.553361, 14
1558601859.568123, 14
1558601859.583986, 15
1558601859.600747, 15
1558601859.616744, 16
1558601859.631791, 15
1558601859.646736, 14
1558601859.661341, 14
1558601859.675945, 15
1558601859.691497, 17
1558601859.706590, 16
1558601859.722119, 16
1558601859.737038, 16
1558601859.752151, 15
1558601859.766723, 15
1558601859.781996, 16
1558601859.797386, 18
1558601859.813651, 17
1558601859.833292, 17
1558601859.848920, 17
1558601859.863672, 16
1558601859.878912, 16
1558601859.894778, 18
1558601859.909781, 18
1558601859.925631, 18
1558601859.941111, 17
1558601859.957000, 17
1558601859.971658, 17
1558601859.987113, 18
1558601860.002774, 19
1558601860.017600, 19
1558601860.032779, 19
1558601860.048355, 18
1558601860.063417, 18
1558601860.079631, 19
1558601860.095715, 19
1558601860.110489, 18
1558601860.124807, 19
1558601860.139562, 19
1558601860.154990, 19
1558601860.169843, 18
1558601860.184935, 18
1558601860.200096, 18
1558601860.215131, 12
1558601860.229588, 7
1558601860.244636, 5
1558601860.260271, 7
1558601860.275406, 6
1558601860.290801, 9
1558601860.306730, 8
1558601860.322590, 7
1558601860.338600, 8
1558601860.353989, 8
1558601860.369772, 8
1558601860.386025, 9
1558601860.401461, 9
1558601860.416777, 9
1558601860.432360, 8
1558601860.447605, 10
1558601860.462387, 10
1558601860.478037, 9
1558601860.494013, 11
1558601860.510033, 11
1558601860.525670, 10
1558601860.541502, 10
1558601860.555936, 11
1558601860.570654, 11
1558601860.585640, 11
1558601860.602614, 12
1558601860.617682, 12
1558601860.633083, 11
1558601860.649143, 12
1558601860.664521, 12
1558601860.679630, 12
1558601860.694375, 13
1558601860.709660, 14
1558601860.725217, 12
1558601860.740236, 12
1558601860.755601, 13
1558601860.774844, 14
1558601860.793925, 14
1558601860.813068, 15
1558601860.833144, 14
1558601860.852102, 14
1558601860.871881, 15
1558601860.890703, 15
1558601860.909661, 15
1558601860.925505, 15
1558601860.940891, 14
1558601860.956015, 15
1558601860.971480, 16
1558601860.986690, 15
1558601861.002623, 16
1558601861.017236, 16
1558601861.033103, 16
1558601861.048006, 17
1558601861.062924, 15
1558601861.079951, 17
1558601861.095988, 18
1558601861.112739, 18
1558601861.132086, 18
1558601861.151106, 17
1558601861.170809, 17
1558601861.190651, 17
1558601861.206367, 19
1558601861.222052, 18
1558601861.238067, 16
1558601861.252970, 17
1558601861.267986, 17
1558601861.283512, 18
1558601861.299139, 20
1558601861.314258, 20
1558601861.331334, 19
1558601861.346860, 19
1558601861.365396, 19
1558601861.380463, 18
1558601861.395914, 19
1558601861.410979, 19
1558601861.427279, 19
1558601861.442591, 18
1558601861.458647, 18
1558601861.474154, 18
1558601861.489009, 19
1558601861.504324, 19
1558601861.519527, 15
1558601861.539775, 8
1558601861.558551, 6
1558601861.578170, 7
1558601861.597502, 7
1558601861.612595, 7
1558601861.627425, 8
1558601861.646211, 8
1558601861.668161, 7
1558601861.687343, 8
1558601861.706709, 11
1558601861.725355, 9
1558601861.744318, 9
1558601861.763868, 10
1558601861.784123, 10
1558601861.803195, 11
1558601861.818670, 12
1558601861.833861, 10
1558601861.849192, 10
1558601861.865017, 12
1558601861.879564, 12
1558601861.894399, 11
1558601861.910606, 13
1558601861.926391, 11
1558601861.942428, 11
1558601861.956837, 12
1558601861.971731, 12
1558601861.987015, 12
1558601862.003419, 12
1558601862.019123, 13
1558601862.037087, 13
1558601862.053266, 13
1558601862.069025, 12
1558601862.086798, 13
1558601862.103486, 15
1558601862.120805, 15
1558601862.135168, 14
1558601862.150476, 15
1558601862.166164, 14
1558601862.182146, 15
1558601862.198186, 14
1558601862.213975, 15
1558601862.229582, 17
1558601862.249277, 15
1558601862.269613, 15
1558601862.284162, 15
1558601862.299206, 16
1558601862.314439, 16
1558601862.329938, 16
1558601862.345785, 16
1558601862.361100, 16
1558601862.377041, 15
1558601862.392464, 16
1558601862.408113, 18
1558601862.422186, 17
1558601862.437558, 17
1558601862.452730, 18
1558601862.467708, 17
1558601862.483061, 17
1558601862.498755, 18
1558601862.514218, 18
1558601862.529279, 18
1558601862.544702, 18
1558601862.560411, 18
1558601862.575704, 18
1558601862.591553, 18
1558601862.606489, 19
1558601862.621153, 19
1558601862.636061, 19
1558601862.652068, 18
1558601862.666239, 19
1558601862.682083, 19
1558601862.698024, 19
1558601862.713445, 19
1558601862.729125, 20
1558601862.744511, 20
1558601862.760609, 19
1558601862.776043, 19
1558601862.791327, 19
1558601862.806612, 19
1558601862.822029, 18
1558601862.837959, 10
1558601862.853212, 7
1558601862.868788, 6
1558601862.884752, 6
1558601862.900373, 8
1558601862.915808, 9
1558601862.930585, 7
1558601862.945055, 8
1558601862.959480, 9
1558601862.974759, 9
1558601862.988408, 7
1558601863.003746, 10
1558601863.020050, 10
1558601863.034859, 10
1558601863.050129, 10
1558601863.066485, 10
1558601863.082644, 10
1558601863.098543, 10
1558601863.113517, 11
1558601863.127660, 12
1558601863.142626, 10
1558601863.158939, 10
1558601863.174452, 12
1558601863.190467, 12
1558601863.205476, 11
1558601863.221063, 13
1558601863.235847, 12
1558601863.251334, 11
1558601863.266065, 11
1558601863.281274, 12
1558601863.297130, 12
1558601863.312642, 13
1558601863.328366, 14
1558601863.343189, 14
1558601863.359489, 13
1558601863.374470, 13
1558601863.394024, 13
1558601863.413007, 14
1558601863.432399, 16
1558601863.451653, 14
1558601863.469759, 13
1558601863.489729, 14
1558601863.509314, 16
1558601863.529607, 14
1558601863.551270, 15
1558601863.571479, 14
1558601863.592214, 15
1558601863.614552, 16
1558601863.633121, 16
1558601863.651778, 17
1558601863.667294, 17
1558601863.681987, 17
1558601863.697772, 16
1558601863.713342, 18
1558601863.729042, 17
1558601863.744370, 17
1558601863.760129, 17
1558601863.774928, 17
1558601863.789438, 17
1558601863.803578, 17
1558601863.818038, 19
1558601863.832814, 20
1558601863.847959, 19
1558601863.863387, 18
1558601863.879982, 17
1558601863.897355, 18
1558601863.914512, 19
1558601863.930826, 20
1558601863.947129, 20
1558601863.963991, 19
1558601863.980323, 19
1558601863.997151, 20
1558601864.013707, 19
1558601864.031444, 19
1558601864.047598, 20
1558601864.062164, 19
1558601864.078148, 19
1558601864.092664, 19
1558601864.106752, 20
1558601864.122978, 19
1558601864.141108, 13
1558601864.155176, 7
1558601864.172182, 7
1558601864.187275, 3
1558601864.202356, 2
1558601864.216542, 2
1558601864.232276, 0
1558601864.247654, 2
1558601864.262471, 3
1558601864.277775, 2
1558601864.293588, 2
1558601864.308803, 3
1558601864.323075, 3
1558601864.339873, 3
1558601864.359724, 2
1558601864.378129, 3
1558601864.394402, 3
1558601864.409319, 4
1558601864.424542, 5
1558601864.439872, 4
1558601864.455640, 5
1558601864.470661, 5
1558601864.486680, 6
1558601864.502706, 6
1558601864.518620, 5
1558601864.534236, 7
1558601864.549748, 7
1558601864.564959, 8
1558601864.581378, 7
1558601864.597150, 8
1558601864.612472, 7
1558601864.627179, 10
1558601864.645598, 9
1558601864.666841, 9
1558601864.685654, 9
1558601864.707154, 10
1558601864.726459, 10
1558601864.746137, 10
1558601864.765729, 10
1558601864.780773, 10
1558601864.795809, 10
1558601864.811038, 9
1558601864.825984, 11
1558601864.841464, 12
1558601864.856974, 12
1558601864.872680, 10
1558601864.890938, 11
1558601864.910705, 11
1558601864.930116, 13
1558601864.949558, 14
1558601864.964338, 12
1558601864.979986, 12
1558601865.000346, 12
1558601865.019653, 13
1558601865.038586, 14
1558601865.057100, 13
1558601865.075937, 13
1558601865.090349, 13
1558601865.106738, 13
1558601865.121905, 14
1558601865.137090, 15
1558601865.152599, 16
1558601865.167172, 14
1558601865.182210, 14
1558601865.197297, 15
1558601865.212104, 14
1558601865.226755, 15
1558601865.242016, 16
1558601865.257708, 17
1558601865.273464, 15
1558601865.288639, 15
1558601865.303864, 16
1558601865.323146, 16
1558601865.338552, 17
1558601865.353151, 17
1558601865.367941, 17
1558601865.385158, 16
1558601865.400760, 16
1558601865.415639, 16
1558601865.431041, 19
1558601865.445606, 18
1558601865.460379, 18
1558601865.475080, 18
1558601865.490536, 17
1558601865.505006, 17
1558601865.519387, 17
1558601865.535912, 19
1558601865.551689, 19
1558601865.566579, 19
1558601865.582524, 19
1558601865.597613, 19
1558601865.613159, 18
1558601865.628737, 19
1558601865.643513, 20
1558601865.659843, 19
1558601865.675115, 19
1558601865.689524, 19
1558601865.704408, 19
1558601865.719614, 19
1558601865.734570, 19
1558601865.750640, 19
1558601865.765587, 19
1558601865.781018, 16
1558601865.796018, 10
1558601865.812349, 12
1558601865.827396, 9
1558601865.842623, 9
1558601865.857035, 6
1558601865.871938, 6
1558601865.887057, 7
1558601865.902058, 6
1558601865.917722, 8
1558601865.932912, 8
1558601865.948315, 9
1558601865.963216, 8
1558601865.978537, 8
1558601865.993636, 9
1558601866.011797, 9
1558601866.027766, 9
1558601866.042835, 11
1558601866.058456, 9
1558601866.073427, 10
1558601866.089573, 11
1558601866.105483, 9
1558601866.120748, 11
1558601866.136276, 11
1558601866.152187, 13
1558601866.165921, 11
1558601866.186595, 10
1558601866.201662, 11
1558601866.216808, 12
1558601866.232072, 11
1558601866.247360, 13
1558601866.265831, 12
1558601866.285358, 12
1558601866.300921, 12
1558601866.316103, 13
1558601866.331586, 12
1558601866.346972, 14
1558601866.366558, 14
1558601866.386043, 13
1558601866.407767, 13
1558601866.426824, 13
1558601866.446716, 14
1558601866.466776, 15
1558601866.485528, 14
1558601866.503847, 14
1558601866.519071, 14
1558601866.539134, 16
1558601866.559951, 17
1558601866.583819, 15
1558601866.606561, 15
1558601866.621661, 15
1558601866.637727, 15
1558601866.652985, 17
1558601866.667888, 16
1558601866.682738, 17
1558601866.697761, 17
1558601866.712870, 15
1558601866.728318, 17
1558601866.743581, 17
1558601866.758126, 18
1558601866.773400, 18
1558601866.788286, 18
1558601866.805297, 18
1558601866.819880, 17
1558601866.835025, 18
1558601866.855270, 19
1558601866.874492, 19
1558601866.893553, 18
1558601866.913136, 18
1558601866.932850, 17
1558601866.948102, 20
1558601866.962801, 19
1558601866.978055, 20
1558601866.993453, 18
1558601867.008776, 18
1558601867.024792, 19
1558601867.040019, 17
1558601867.054499, 20
1558601867.069587, 19
1558601867.085020, 18
1558601867.100550, 15
1558601867.115369, 9
1558601867.129778, 7
1558601867.144764, 1
1558601867.159418, 2
1558601867.174151, 2
1558601867.189053, 3
1558601867.204044, 1
1558601867.218688, 3
1558601867.233587, 2
1558601867.248418, 2
1558601867.263829, 3
1558601867.279258, 2
1558601867.295264, 3
1558601867.310128, 2
1558601867.325652, 3
1558601867.340723, 5
1558601867.355993, 5
1558601867.374819, 5
1558601867.394749, 5
1558601867.415298, 5
1558601867.430882, 6
1558601867.446137, 7
1558601867.460288, 7
1558601867.475853, 7
1558601867.496380, 7
1558601867.513836, 7
1558601867.529209, 7
1558601867.545198, 8
1558601867.560189, 8
1558601867.574561, 8
1558601867.589892, 9
1558601867.604279, 9
1558601867.618741, 8
1558601867.634270, 8
1558601867.649262, 11
1558601867.664461, 10
1558601867.683916, 10
1558601867.702458, 9
1558601867.721097, 10
1558601867.740710, 10
1558601867.759898, 12
1558601867.778970, 10
1558601867.798884, 12
1558601867.818967, 11
1558601867.838935, 11
1558601867.857935, 12
1558601867.877089, 12
1558601867.896143, 11
1558601867.914852, 12
1558601867.935071, 12
1558601867.953767, 14
1558601867.973257, 14
1558601867.993207, 13
1558601868.012754, 13
1558601868.032305, 14
1558601868.048119, 14
1558601868.062811, 15
1558601868.079605, 15
1558601868.094731, 15
1558601868.108903, 14
1558601868.122783, 15
1558601868.136832, 15
1558601868.151804, 15
1558601868.166404, 15
1558601868.180598, 16
1558601868.195076, 15
1558601868.209940, 15
1558601868.224489, 15
1558601868.238695, 15
1558601868.252789, 15
1558601868.266914, 17
1558601868.281742, 16
1558601868.296807, 16
1558601868.311953, 17
1558601868.328276, 17
1558601868.343536, 16
1558601868.359387, 17
1558601868.374688, 18
1558601868.389762, 18
1558601868.405453, 17
1558601868.424005, 17
1558601868.441110, 17
1558601868.458786, 19
1558601868.476920, 19
1558601868.492869, 18
1558601868.509306, 19
1558601868.526358, 19
1558601868.543461, 19
1558601868.559642, 20
1558601868.577784, 20
1558601868.593204, 19
1558601868.609670, 19
1558601868.625707, 19
1558601868.640801, 19
1558601868.655866, 19
1558601868.670030, 20
1558601868.684792, 20
1558601868.699003, 20
1558601868.714417, 19
1558601868.729231, 19
1558601868.744013, 19
1558601868.759779, 19
1558601868.775758, 18
1558601868.791689, 11
1558601868.807026, 7
1558601868.822128, 5
1558601868.837077, 6
1558601868.852387, 7
1558601868.867144, 8
1558601868.882759, 8
1558601868.897768, 8
1558601868.912610, 9
1558601868.928308, 8
1558601868.944155, 8
1558601868.958746, 10
1558601868.974326, 10
1558601868.990402, 9
1558601869.005387, 9
1558601869.020773, 10
1558601869.036285, 10
1558601869.052471, 10
1558601869.067923, 11
1558601869.082903, 11
1558601869.097568, 11
1558601869.117138, 12
1558601869.136370, 12
1558601869.156154, 11
1558601869.171250, 13
1558601869.186540, 12
1558601869.202241, 11
1558601869.218751, 11
1558601869.233842, 13
1558601869.249450, 12
1558601869.264301, 12
1558601869.279726, 14
1558601869.294882, 14
1558601869.310947, 13
1558601869.326303, 13
1558601869.341935, 14
1558601869.356902, 13
1558601869.372935, 13
1558601869.388397, 14
1558601869.403094, 14
1558601869.418021, 14
1558601869.434410, 14
1558601869.449819, 14
1558601869.464423, 14
1558601869.479886, 14
1558601869.495124, 16
1558601869.510544, 16
1558601869.526108, 15
1558601869.541885, 15
1558601869.557226, 15
1558601869.571817, 16
1558601869.586369, 16
1558601869.601925, 17
1558601869.616643, 17
1558601869.632158, 16
1558601869.647570, 17
1558601869.662572, 17
1558601869.677380, 16
1558601869.692649, 17
1558601869.707986, 18
1558601869.724016, 18
1558601869.739034, 18
1558601869.756205, 18
1558601869.772240, 18
1558601869.788472, 19
1558601869.803766, 18
1558601869.818820, 16
1558601869.834916, 18
1558601869.849725, 18
1558601869.864593, 18
1558601869.879107, 20
1558601869.893359, 20
1558601869.909349, 20
1558601869.926190, 18
1558601869.942813, 18
1558601869.958341, 18
1558601869.975389, 20
1558601869.991754, 20
1558601870.007735, 20
1558601870.022904, 16
1558601870.038555, 9
1558601870.052757, 7
1558601870.066870, 6
1558601870.082112, 7
1558601870.096996, 6
1558601870.112842, 8
1558601870.127437, 7
1558601870.142376, 8
1558601870.158601, 7
1558601870.173960, 10
1558601870.188471, 9
1558601870.204258, 9
1558601870.219908, 9
1558601870.234559, 9
1558601870.250689, 9
1558601870.265119, 10
1558601870.279460, 11
1558601870.294614, 8
1558601870.310265, 9
1558601870.325372, 10
1558601870.340534, 9
1558601870.356234, 9
1558601870.371290, 11
1558601870.386681, 11
1558601870.401877, 11
1558601870.417247, 9
1558601870.432321, 11
1558601870.447403, 11
1558601870.462102, 11
1558601870.476972, 13
1558601870.491507, 13
1558601870.506720, 12
1558601870.522464, 12
1558601870.542104, 12
1558601870.562548, 12
1558601870.582368, 15
1558601870.597009, 15
1558601870.612064, 14
1558601870.626380, 13
1558601870.641869, 14
1558601870.658824, 14
1558601870.674679, 15
1558601870.690122, 16
1558601870.705099, 16
1558601870.721339, 14
1558601870.737638, 13
1558601870.752697, 15
1558601870.767886, 16
1558601870.782749, 16
1558601870.798056, 16
1558601870.813220, 17
1558601870.828555, 16
1558601870.844122, 15
1558601870.859028, 15
1558601870.873260, 16
1558601870.888906, 17
1558601870.904138, 18
1558601870.920073, 16
1558601870.935523, 17
1558601870.951482, 16
1558601870.966571, 17
1558601870.981890, 18
1558601870.998025, 18
1558601871.013978, 17
1558601871.029371, 17
1558601871.046722, 17
1558601871.061349, 18
1558601871.078660, 18
1558601871.093595, 19
1558601871.107901, 19
1558601871.123373, 18
1558601871.138704, 19
1558601871.154249, 18
1558601871.169007, 19
1558601871.185033, 20
1558601871.204770, 19
1558601871.225187, 18
1558601871.240404, 19
1558601871.255965, 17
1558601871.271052, 18
1558601871.286115, 19
1558601871.301739, 20
1558601871.317137, 20
1558601871.332750, 15
1558601871.348311, 11
1558601871.362757, 11
1558601871.377392, 11
1558601871.392280, 8
1558601871.407143, 7
1558601871.423168, 7
1558601871.438573, 8
1558601871.454611, 8
1558601871.469383, 7
1558601871.485140, 10
1558601871.499970, 8
1558601871.515377, 9
1558601871.529944, 9
1558601871.545466, 9
1558601871.560895, 9
1558601871.575298, 10
1558601871.591905, 11
1558601871.607203, 9
1558601871.622568, 9
1558601871.638877, 11
1558601871.654973, 10
1558601871.669759, 11
1558601871.684313, 12
1558601871.699592, 12
1558601871.714706, 11
1558601871.730387, 10
1558601871.745590, 12
1558601871.761265, 12
1558601871.776921, 13
1558601871.791912, 13
1558601871.807102, 14
1558601871.822740, 12
1558601871.837610, 13
1558601871.852260, 12
1558601871.867305, 13
1558601871.882818, 14
1558601871.897678, 15
1558601871.912895, 14
1558601871.928653, 13
1558601871.943991, 13
1558601871.958615, 13
1558601871.973486, 15
1558601871.988829, 15
1558601872.004353, 15
1558601872.019473, 14
1558601872.034628, 14
1558601872.049502, 15
1558601872.065862, 14
1558601872.082668, 16
1558601872.097572, 16
1558601872.112340, 16
1558601872.127646, 16
1558601872.142781, 15
1558601872.158621, 14
1558601872.173325, 16
1558601872.189594, 18
1558601872.204644, 17
1558601872.219651, 17
1558601872.234656, 16
1558601872.250486, 17
1558601872.265732, 16
1558601872.281666, 16
1558601872.297039, 18
1558601872.312358, 18
1558601872.327403, 18
1558601872.342170, 17
1558601872.357034, 17
1558601872.372220, 18
1558601872.387388, 18
1558601872.402678, 19
1558601872.418342, 18
1558601872.433158, 18
1558601872.448793, 19
1558601872.464169, 18
1558601872.479301, 19
1558601872.494374, 19
1558601872.509284, 20
1558601872.524917, 20
1558601872.540905, 18
1558601872.556179, 19
1558601872.571744, 19
1558601872.586604, 18
1558601872.601523, 20
1558601872.616240, 20
1558601872.631561, 18
1558601872.646529, 12
1558601872.661108, 7
1558601872.676511, 6
1558601872.692102, 7
1558601872.707280, 6
1558601872.723189, 8
1558601872.738421, 7
1558601872.753929, 8
1558601872.768714, 7
1558601872.784805, 8
1558601872.801164, 10
1558601872.816117, 9
1558601872.830499, 10
1558601872.849833, 9
1558601872.871577, 10
1558601872.887209, 10
1558601872.902219, 12
1558601872.915781, 9
1558601872.931252, 10
1558601872.946861, 10
1558601872.962569, 10
1558601872.979036, 11
1558601872.995268, 12
1558601873.012187, 13
1558601873.028116, 12
1558601873.045272, 13
1558601873.062747, 14
1558601873.083024, 12
1558601873.100226, 14
1558601873.115022, 13
1558601873.129620, 12
1558601873.145499, 12
1558601873.162106, 14
1558601873.178589, 13
1558601873.195013, 14
1558601873.212802, 15
1558601873.230822, 13
1558601873.247138, 12
1558601873.263064, 14
1558601873.279835, 14
1558601873.297097, 15
1558601873.313431, 15
1558601873.330262, 15
1558601873.357837, 14
1558601873.376309, 16
1558601873.391290, 16
1558601873.406111, 16
1558601873.420562, 16
1558601873.436096, 16
1558601873.450194, 15
1558601873.465804, 16
1558601873.482395, 17
1558601873.496528, 18
1558601873.512429, 18
1558601873.527716, 17
1558601873.543370, 16
1558601873.558743, 17
1558601873.574723, 16
1558601873.589579, 17
1558601873.604525, 17
1558601873.619720, 18
1558601873.635230, 18
1558601873.650393, 17
1558601873.664465, 17
1558601873.679639, 18
1558601873.694500, 18
1558601873.710027, 20
1558601873.725903, 19
1558601873.741288, 17
1558601873.756674, 19
1558601873.773687, 19
1558601873.789744, 17
1558601873.805101, 20
1558601873.820579, 20
1558601873.836317, 20
1558601873.852096, 19
1558601873.867746, 19
1558601873.882181, 19
1558601873.897492, 19
1558601873.916166, 20
1558601873.934242, 12
1558601873.949125, 8
1558601873.963792, 7
1558601873.978647, 5
1558601873.993047, 6
1558601874.008046, 9
1558601874.023480, 8
1558601874.038486, 8
1558601874.053066, 9
1558601874.068062, 8
1558601874.083411, 8
1558601874.098430, 9
1558601874.113439, 11
1558601874.129414, 9
1558601874.144329, 10
1558601874.159177, 9
1558601874.175234, 8
1558601874.190968, 9
1558601874.205296, 12
1558601874.219158, 12
1558601874.234115, 11
1558601874.249630, 11
1558601874.264016, 12
1558601874.278361, 12
1558601874.292083, 11
1558601874.309019, 13
1558601874.326109, 12
1558601874.343206, 11
1558601874.358683, 13
1558601874.374587, 13
1558601874.389902, 13
1558601874.406009, 14
1558601874.421314, 14
1558601874.435131, 12
1558601874.449885, 13
1558601874.464130, 14
1558601874.478353, 13
1558601874.493248, 13
1558601874.507352, 14
1558601874.521540, 15
1558601874.536756, 13
1558601874.551153, 15
1558601874.566493, 14
1558601874.581841, 14
1558601874.596963, 14
1558601874.611816, 15
1558601874.627042, 15
1558601874.641676, 16
1558601874.657648, 15
1558601874.673174, 15
1558601874.688803, 15
1558601874.704082, 16
1558601874.719247, 16
1558601874.734513, 17
1558601874.749405, 17
1558601874.764076, 17
1558601874.779576, 16
1558601874.794799, 17
1558601874.811658, 18
1558601874.826695, 18
1558601874.842378, 16
1558601874.857743, 18
1558601874.873504, 17
1558601874.889319, 16
1558601874.905193, 18
1558601874.920973, 18
1558601874.936773, 18
1558601874.951291, 17
1558601874.966729, 19
1558601874.982709, 19
1558601875.002516, 19
1558601875.024870, 20
1558601875.044840, 18
1558601875.063592, 19
1558601875.082742, 19
1558601875.102756, 19
1558601875.121827, 20
1558601875.141643, 19
1558601875.160266, 19
1558601875.176379, 19
1558601875.191608, 19
1558601875.207372, 19
1558601875.223784, 13
1558601875.239456, 8
1558601875.254410, 7
1558601875.268980, 7
1558601875.284044, 6
1558601875.299291, 8
1558601875.314175, 8
1558601875.328783, 8
1558601875.343762, 7
1558601875.358580, 9
1558601875.373456, 8
1558601875.388769, 9
1558601875.403534, 10
1558601875.419234, 11
1558601875.434147, 9
1558601875.449495, 9
1558601875.464999, 10
1558601875.480748, 10
1558601875.498271, 10
1558601875.518436, 12
1558601875.537938, 10
1558601875.556523, 10
1558601875.575149, 11
1558601875.594476, 11
1558601875.614561, 12
1558601875.633741, 13
1558601875.652455, 12
1558601875.672566, 12
1558601875.691570, 12
1558601875.711622, 13
1558601875.731409, 14
1558601875.751002, 13
1558601875.770896, 14
1558601875.790645, 13
1558601875.810219, 13
1558601875.826037, 16
1558601875.842673, 15
1558601875.857762, 14
1558601875.873039, 14
1558601875.888459, 14
1558601875.903865, 15
1558601875.918766, 15
1558601875.934720, 17
1558601875.950148, 15
1558601875.965505, 16
1558601875.980977, 15
1558601875.996135, 16
1558601876.011707, 15
1558601876.027777, 16
1558601876.042728, 17
1558601876.057419, 16
1558601876.072795, 17
1558601876.088134, 16
1558601876.103600, 17
1558601876.118542, 18
1558601876.134630, 17
1558601876.149700, 19
1558601876.165057, 18
1558601876.180869, 17
1558601876.196258, 17
1558601876.210699, 17
1558601876.226351, 19
1558601876.241945, 18
1558601876.257569, 17
1558601876.272994, 19
1558601876.287014, 18
1558601876.302049, 18
1558601876.318641, 19
1558601876.333414, 19
1558601876.349268, 18
1558601876.364816, 19
1558601876.380759, 20
1558601876.394935, 20
1558601876.410301, 19
1558601876.425529, 20
1558601876.441181, 20
1558601876.456379, 19
1558601876.471142, 19
1558601876.486588, 18
1558601876.501705, 19
1558601876.518016, 19
1558601876.533405, 17
1558601876.553016, 7
1558601876.573200, 6
1558601876.592956, 7
1558601876.612532, 7
1558601876.632990, 7
1558601876.654303, 6
1558601876.669946, 8
1558601876.685468, 8
1558601876.700423, 9
1558601876.715406, 9
1558601876.731986, 11
1558601876.747319, 8
1558601876.765998, 9
1558601876.784363, 10
1558601876.800360, 10
1558601876.815807, 10
1558601876.830614, 11
1558601876.845122, 11
1558601876.860670, 10
1558601876.875988, 11
1558601876.891533, 12
1558601876.906153, 11
1558601876.921376, 12
1558601876.937107, 13
1558601876.951674, 11
1558601876.966853, 12
1558601876.981825, 12
1558601876.997351, 13
1558601877.013486, 12
1558601877.029975, 14
1558601877.045104, 13
1558601877.060347, 12
1558601877.075609, 12
1558601877.091628, 14
1558601877.107371, 14
1558601877.122583, 13
1558601877.138032, 15
1558601877.157482, 15
1558601877.173713, 14
1558601877.189088, 15
1558601877.204470, 15
1558601877.219910, 14
1558601877.234991, 15
1558601877.249552, 17
1558601877.264481, 16
1558601877.279067, 15
1558601877.294470, 14
1558601877.310430, 16
1558601877.325582, 17
1558601877.341012, 16
1558601877.356833, 17
1558601877.371860, 17
1558601877.387071, 17
1558601877.401868, 16
1558601877.417055, 17
1558601877.432605, 17
1558601877.447737, 17
1558601877.462908, 18
1558601877.478734, 17
1558601877.493492, 17
1558601877.509310, 17
1558601877.525659, 19
1558601877.541878, 18
1558601877.556955, 18
1558601877.572122, 18
1558601877.586664, 19
1558601877.601226, 18
1558601877.616567, 18
1558601877.631959, 19
1558601877.647536, 20
1558601877.661931, 18
1558601877.677193, 19
1558601877.693251, 18
1558601877.708500, 20
1558601877.724233, 19
1558601877.740028, 20
1558601877.755322, 19
1558601877.770631, 20
1558601877.785434, 19
1558601877.802137, 18
1558601877.818094, 19
1558601877.833780, 19
1558601877.848368, 15
1558601877.863368, 8
1558601877.878178, 7
1558601877.892875, 6
1558601877.908791, 6
1558601877.923951, 7
1558601877.938847, 8
1558601877.953421, 7
1558601877.969478, 9
1558601877.985277, 8
1558601878.001842, 8
1558601878.016338, 8
1558601878.031503, 11
1558601878.046788, 10
1558601878.062609, 9
1558601878.078626, 10
1558601878.093283, 10
1558601878.108632, 10
1558601878.123498, 10
1558601878.139436, 11
1558601878.154681, 11
1558601878.169818, 10
1558601878.184709, 12
1558601878.201085, 12
1558601878.216370, 11
1558601878.231057, 12
1558601878.246533, 12
1558601878.261665, 12
1558601878.276583, 11
1558601878.291365, 13
1558601878.306915, 13
1558601878.321527, 12
1558601878.335536, 14
1558601878.352447, 14
1558601878.368278, 13
1558601878.384757, 12
1558601878.400884, 13
1558601878.417194, 14
1558601878.432704, 13
1558601878.447214, 15
1558601878.462787, 16
1558601878.477258, 14
1558601878.494110, 14
1558601878.510378, 15
1558601878.525332, 15
1558601878.540953, 15
1558601878.556187, 16
1558601878.571399, 15
1558601878.587020, 15
1558601878.601458, 15
1558601878.616471, 16
1558601878.632510, 15
1558601878.648199, 16
1558601878.662845, 15
1558601878.678507, 17
1558601878.693403, 17
1558601878.707990, 16
1558601878.724274, 16
1558601878.739769, 18
1558601878.755644, 17
1558601878.770619, 17
1558601878.785259, 18
1558601878.800275, 18
1558601878.815144, 17
1558601878.831063, 17
1558601878.846600, 19
1558601878.862680, 18
1558601878.878543, 17
1558601878.893858, 18
1558601878.909122, 18
1558601878.923381, 18
1558601878.938450, 20
1558601878.954892, 19
1558601878.970593, 19
1558601878.986217, 17
1558601879.003011, 18
1558601879.018793, 19
1558601879.034438, 18
1558601879.049652, 20
1558601879.064373, 20
1558601879.079215, 19
1558601879.095897, 14
1558601879.111321, 8
1558601879.126633, 6
1558601879.142108, 7
1558601879.156320, 7
1558601879.170718, 7
1558601879.186661, 8
1558601879.202380, 7
1558601879.218021, 7
1558601879.233923, 8
1558601879.250254, 9
1558601879.266532, 9
1558601879.281645, 9
1558601879.296942, 8
1558601879.312650, 8
1558601879.327470, 10
1558601879.344139, 10
1558601879.359594, 10
1558601879.374670, 9
1558601879.390418, 10
1558601879.406582, 10
1558601879.421925, 9
1558601879.437025, 10
1558601879.451292, 11
1558601879.466413, 11
1558601879.486101, 12
1558601879.505601, 11
1558601879.525851, 11
1558601879.554938, 13
1558601879.570478, 14
1558601879.584845, 12
1558601879.600493, 12
1558601879.616011, 13
1558601879.632432, 12
1558601879.648965, 15
1558601879.664061, 15
1558601879.679551, 13
1558601879.694733, 13
1558601879.709771, 13
1558601879.723861, 13
1558601879.739745, 14
1558601879.755469, 16
1558601879.771251, 15
1558601879.786801, 15
1558601879.802880, 14
1558601879.817931, 14
1558601879.832760, 14
1558601879.847853, 16
1558601879.863421, 16
1558601879.879509, 17
1558601879.895150, 15
1558601879.911147, 15
1558601879.927250, 15
1558601879.942763, 17
1558601879.957108, 17
1558601879.972292, 18
1558601879.987179, 16
1558601880.002679, 17
1558601880.018994, 17
1558601880.034511, 15
1558601880.049700, 18
1558601880.064049, 17
1558601880.080207, 19
1558601880.096007, 18
1558601880.112588, 18
1558601880.127810, 18
1558601880.143618, 18
1558601880.159199, 18
1558601880.174645, 19
1558601880.190013, 19
1558601880.205421, 18
1558601880.220899, 18
1558601880.235816, 19
1558601880.251539, 19
1558601880.266406, 20
1558601880.281356, 19
1558601880.297112, 19
1558601880.313974, 19
1558601880.329229, 19
1558601880.344262, 18
1558601880.359898, 19
1558601880.375278, 20
1558601880.390069, 19
1558601880.405361, 12
1558601880.421433, 12
1558601880.436603, 12
1558601880.451897, 8
1558601880.466225, 7
1558601880.481647, 7
1558601880.497623, 8
1558601880.512506, 8
1558601880.528001, 7
1558601880.542913, 8
1558601880.558019, 8
1558601880.573704, 9
1558601880.589601, 9
1558601880.605237, 9
1558601880.621535, 9
1558601880.637357, 10
1558601880.653431, 11
1558601880.668757, 10
1558601880.683397, 10
1558601880.699393, 11
1558601880.718547, 10
1558601880.739607, 10
1558601880.758936, 12
1558601880.778945, 11
1558601880.798817, 12
1558601880.818794, 11
1558601880.833708, 11
1558601880.849627, 11
1558601880.866657, 13
1558601880.882828, 12
1558601880.902234, 12
1558601880.917273, 13
1558601880.936234, 12
1558601880.951165, 12
1558601880.965883, 14
1558601880.980463, 14
1558601880.997525, 13
1558601881.012649, 13
1558601881.030135, 14
1558601881.045333, 14
1558601881.061819, 16
1558601881.078019, 16
1558601881.094666, 15
1558601881.109744, 14
1558601881.127560, 14
1558601881.142992, 15
1558601881.158428, 16
1558601881.174777, 16
1558601881.191041, 16
1558601881.205879, 15
1558601881.220045, 15
1558601881.234790, 15
1558601881.250216, 17
1558601881.266495, 17
1558601881.282180, 18
1558601881.298681, 17
1558601881.313401, 17
1558601881.328193, 16
1558601881.344005, 17
1558601881.358871, 18
1558601881.373929, 18
1558601881.392593, 16
1558601881.406752, 18
1558601881.422151, 18
1558601881.438037, 17
1558601881.452748, 17
1558601881.467624, 18
1558601881.482606, 19
1558601881.498537, 18
1558601881.517537, 18
1558601881.535051, 18
1558601881.551566, 19
1558601881.569427, 19
1558601881.584353, 19
1558601881.599027, 18
1558601881.619318, 18
1558601881.634822, 18
1558601881.651500, 19
1558601881.670645, 20
1558601881.685874, 20
1558601881.703006, 19
1558601881.717382, 12
1558601881.733921, 8
1558601881.750753, 7
1558601881.767379, 7
1558601881.783034, 8
1558601881.799482, 8
1558601881.816210, 8
1558601881.832551, 8
1558601881.849160, 9
1558601881.866449, 9
1558601881.883207, 8
1558601881.900012, 9
1558601881.916436, 9
1558601881.933668, 9
1558601881.951712, 9
1558601881.969132, 11
1558601881.985067, 10
1558601882.003309, 10
1558601882.018201, 11
1558601882.033747, 10
1558601882.048974, 11
1558601882.064056, 13
1558601882.079084, 12
1558601882.094979, 11
1558601882.110783, 12
1558601882.125736, 12
1558601882.141052, 12
1558601882.156040, 12
1558601882.171625, 13
1558601882.186874, 14
1558601882.202658, 12
1558601882.217905, 12
1558601882.234685, 14
1558601882.249837, 13
1558601882.264243, 13
1558601882.279360, 14
1558601882.294555, 14
1558601882.309318, 13
1558601882.325202, 15
1558601882.340163, 14
1558601882.355717, 14
1558601882.370818, 14
1558601882.386330, 15
1558601882.402547, 14
1558601882.417201, 14
1558601882.432515, 16
1558601882.448151, 16
1558601882.463241, 15
1558601882.479011, 15
1558601882.495161, 16
1558601882.511346, 16
1558601882.526818, 16
1558601882.541476, 16
1558601882.556725, 17
1558601882.572241, 18
1558601882.587247, 18
1558601882.602604, 17
1558601882.618621, 16
1558601882.633346, 16
1558601882.648234, 18
1558601882.663258, 17
1558601882.678397, 19
1558601882.693160, 19
1558601882.708416, 17
1558601882.725811, 18
1558601882.741190, 17
1558601882.756167, 19
1558601882.771236, 20
1558601882.786104, 20
1558601882.802085, 18
1558601882.817341, 19
1558601882.838624, 18
1558601882.858990, 19
1558601882.878177, 20
1558601882.898451, 18
1558601882.920282, 18
1558601882.941000, 18
1558601882.960189, 18
1558601882.976208, 19
1558601882.992687, 11
1558601883.008291, 7
1558601883.024544, 6
1558601883.039754, 6
1558601883.054404, 7
1558601883.068653, 8
1558601883.083848, 9
1558601883.099345, 8
1558601883.114599, 9
1558601883.130559, 8
1558601883.145992, 8
1558601883.160982, 8
1558601883.176082, 11
1558601883.191000, 8
1558601883.205802, 9
1558601883.220794, 10
1558601883.235634, 9
1558601883.250867, 9
1558601883.265390, 11
1558601883.281049, 11
1558601883.296706, 10
1558601883.312094, 10
1558601883.326918, 11
1558601883.342227, 11
1558601883.356861, 11
1558601883.372740, 12
1558601883.389074, 12
1558601883.406203, 11
1558601883.420910, 13
1558601883.435493, 13
1558601883.453092, 13
1558601883.469602, 13
1558601883.486798, 13
1558601883.502811, 12
1558601883.518940, 13
1558601883.535334, 14
1558601883.552184, 13
1558601883.567422, 13
1558601883.583153, 15
1558601883.598534, 15
1558601883.613870, 14
1558601883.628727, 15
1558601883.644461, 14
1558601883.660236, 15
1558601883.675104, 15
1558601883.689465, 15
1558601883.704120, 17
1558601883.719797, 15
1558601883.735057, 15
1558601883.754842, 16
1558601883.774788, 16
1558601883.794001, 17
1558601883.809211, 18
1558601883.823897, 17
1558601883.838634, 16
1558601883.853243, 17
1558601883.867798, 16
1558601883.883781, 16
1558601883.898825, 18
1558601883.914049, 17
1558601883.930073, 17
1558601883.945212, 17
1558601883.960532, 17
1558601883.980957, 19
1558601884.000882, 18
1558601884.016496, 17
1558601884.031261, 19
1558601884.046696, 18
1558601884.062482, 19
1558601884.078061, 19
1558601884.093301, 19
1558601884.108280, 18
1558601884.123480, 18
1558601884.137981, 18
1558601884.153376, 20
1558601884.169066, 19
1558601884.184458, 20
1558601884.200761, 20
1558601884.216479, 19
1558601884.231817, 19
1558601884.246749, 18
1558601884.262717, 18
1558601884.277702, 19
1558601884.293579, 20
1558601884.308563, 20
1558601884.324270, 19
1558601884.339283, 15
1558601884.354053, 8
1558601884.369314, 6
1558601884.383752, 8
1558601884.398516, 6
1558601884.412984, 7
1558601884.428347, 7
1558601884.443786, 8
1558601884.457773, 7
1558601884.472458, 8
1558601884.487497, 9
1558601884.502095, 8
1558601884.517569, 9
1558601884.538096, 8
1558601884.554590, 9
1558601884.569951, 10
1558601884.588694, 9
1558601884.603493, 9
1558601884.619072, 9
1558601884.633199, 11
1558601884.647266, 11
1558601884.660486, 10
1558601884.673947, 10
1558601884.687839, 13
1558601884.701387, 13
1558601884.715472, 11
1558601884.729731, 12
1558601884.743636, 11
1558601884.757515, 11
1558601884.772276, 12
1558601884.786213, 13
1558601884.799990, 13
1558601884.814083, 12
1558601884.828245, 11
1558601884.841775, 13
1558601884.858053, 13
1558601884.873273, 13
1558601884.887723, 15
1558601884.902431, 15
1558601884.916997, 14
1558601884.932035, 13
1558601884.946251, 14
1558601884.961286, 14
1558601884.976306, 14
1558601884.991807, 14
1558601885.008008, 15
1558601885.023161, 15
1558601885.038261, 14
1558601885.053371, 16
1558601885.068008, 16
1558601885.083279, 16
1558601885.098382, 16
1558601885.114122, 16
1558601885.129657, 16
1558601885.144672, 15
1558601885.159720, 16
1558601885.174638, 17
1558601885.189116, 17
1558601885.203908, 17
1558601885.219308, 17
1558601885.234471, 17
1558601885.249722, 17
1558601885.265268, 17
1558601885.286084, 19
1558601885.306909, 18
1558601885.327670, 17
1558601885.346432, 17
1558601885.365589, 18
1558601885.387237, 20
1558601885.407348, 20
1558601885.426959, 19
1558601885.446856, 19
1558601885.466684, 18
1558601885.485313, 19
1558601885.504885, 19
1558601885.525018, 19
1558601885.545428, 18
1558601885.561668, 18
1558601885.578014, 18
1558601885.593254, 19
1558601885.609911, 17
1558601885.625835, 8
1558601885.641589, 7
1558601885.658418, 6
1558601885.672835, 8
1558601885.688589, 6
1558601885.703662, 8
1558601885.718699, 9
1558601885.734453, 8
1558601885.749633, 8
1558601885.765038, 8
1558601885.779840, 8
1558601885.795429, 10
1558601885.811015, 10
1558601885.826193, 9
1558601885.841837, 10
1558601885.857523, 10
1558601885.873974, 10
1558601885.889719, 10
1558601885.904356, 10
1558601885.919158, 10
1558601885.934566, 11
1558601885.950164, 12
1558601885.965764, 10
1558601885.980788, 10
1558601885.995789, 13
1558601886.011117, 13
1558601886.026410, 11
1558601886.042175, 13
1558601886.058541, 13
1558601886.074127, 12
1558601886.090730, 12
1558601886.105664, 14
1558601886.120953, 14
1558601886.135727, 13
1558601886.151483, 13
1558601886.166542, 14
1558601886.181817, 13
1558601886.202086, 15
1558601886.217071, 14
1558601886.234590, 14
1558601886.251515, 14
1558601886.268297, 15
1558601886.286069, 14
1558601886.302240, 16
1558601886.318048, 15
1558601886.335194, 16
1558601886.351615, 15
1558601886.369716, 16
1558601886.386126, 15
1558601886.402896, 16
1558601886.418447, 16
1558601886.433851, 17
1558601886.449068, 17
1558601886.464056, 15
1558601886.481131, 17
1558601886.498763, 17
1558601886.517386, 18
1558601886.533377, 18
1558601886.550520, 17
1558601886.566968, 18
1558601886.581811, 18
1558601886.598454, 19
1558601886.613372, 19
1558601886.627733, 19
1558601886.641316, 18
1558601886.655409, 19
1558601886.669386, 18
1558601886.682985, 18
1558601886.697469, 20
1558601886.712688, 19
1558601886.728015, 19
1558601886.741578, 17
1558601886.755683, 17
1558601886.770454, 18
1558601886.784179, 19
1558601886.803288, 18
1558601886.831827, 19
1558601886.849453, 17
1558601886.864472, 10
1558601886.878474, 7
1558601886.891978, 2
1558601886.907779, 3
1558601886.921798, 2
1558601886.935097, 1
1558601886.949097, 3
1558601886.962822, 2
1558601886.977535, 1
1558601886.991984, 3
1558601887.005804, 3
1558601887.020350, 2
1558601887.034653, 3
1558601887.049019, 3
1558601887.065210, 3
1558601887.082803, 3
1558601887.098001, 3
1558601887.113256, 4
1558601887.132784, 5
1558601887.148841, 3
1558601887.163430, 5
1558601887.178619, 4
1558601887.193758, 5
1558601887.209487, 7
1558601887.225699, 6
1558601887.240618, 5
1558601887.254698, 7
1558601887.270075, 7
1558601887.284495, 7
1558601887.298883, 8
1558601887.314690, 8
1558601887.338488, 8
1558601887.353671, 8
1558601887.369534, 8
1558601887.386547, 8
1558601887.401471, 9
1558601887.418732, 10
1558601887.435153, 9
1558601887.451289, 10
1558601887.465594, 10
1558601887.481516, 9
1558601887.496932, 9
1558601887.511800, 11
1558601887.525789, 12
1558601887.539773, 10
1558601887.553712, 11
1558601887.569179, 12
1558601887.583944, 12
1558601887.600625, 10
1558601887.617597, 13
1558601887.633951, 13
1558601887.649885, 12
1558601887.665876, 13
1558601887.681622, 13
1558601887.698246, 11
1558601887.713551, 14
1558601887.729258, 14
1558601887.742950, 13
1558601887.756780, 13
1558601887.770722, 14
1558601887.785350, 13
1558601887.801239, 13
1558601887.816869, 15
1558601887.833603, 15
1558601887.851606, 15
1558601887.867677, 14
1558601887.885228, 14
1558601887.900792, 15
1558601887.950577, 15
1558601887.969086, 16
1558601887.985590, 16
1558601888.000256, 15
1558601888.015197, 17
1558601888.030299, 17
1558601888.044372, 17
1558601888.058978, 15
1558601888.073699, 15
1558601888.089119, 17
1558601888.104725, 17
1558601888.122025, 16
1558601888.138145, 17
1558601888.155328, 16
1558601888.171968, 16
1558601888.187241, 17
1558601888.203801, 17
1558601888.219775, 18
1558601888.236112, 18
1558601888.252098, 18
1558601888.269821, 17
1558601888.285115, 18
1558601888.301133, 17
1558601888.317611, 20
1558601888.335521, 19
1558601888.352815, 20
1558601888.367854, 19
1558601888.384824, 18
1558601888.401613, 18
1558601888.418599, 19
1558601888.436460, 19
1558601888.450890, 18
1558601888.466993, 19
1558601888.486543, 18
1558601888.501409, 19
1558601888.518809, 19
1558601888.534215, 19
1558601888.549182, 12
1558601888.565183, 7
1558601888.581468, 7
1558601888.596678, 7
1558601888.611053, 7
1558601888.624974, 8
1558601888.638791, 8
1558601888.655282, 8
1558601888.669413, 8
1558601888.682861, 9
1558601888.698518, 9
1558601888.713903, 8
1558601888.728795, 9
1558601888.743155, 10
1558601888.756601, 10
1558601888.772281, 9
1558601888.786563, 9
1558601888.800173, 11
1558601888.813812, 11
1558601888.828174, 11
1558601888.841720, 11
1558601888.855321, 11
1558601888.870974, 11
1558601888.885383, 11
1558601888.899459, 11
1558601888.913778, 11
1558601888.929027, 13
1558601888.943512, 13
1558601888.957299, 11
1558601888.971864, 12
1558601888.986634, 12
1558601889.001116, 12
1558601889.014759, 13
1558601889.029296, 14
1558601889.044140, 13
1558601889.058731, 13
1558601889.072825, 14
1558601889.086622, 14
1558601889.101450, 13
1558601889.116346, 13
1558601889.129715, 14
1558601889.143985, 14
1558601889.159002, 14
1558601889.172324, 14
1558601889.187124, 15
1558601889.201907, 14
1558601889.216967, 14
1558601889.231328, 16
1558601889.245329, 16
1558601889.259583, 16
1558601889.274246, 16
1558601889.288042, 16
1558601889.301680, 16
1558601889.316784, 15
1558601889.330852, 17
1558601889.344650, 16
1558601889.360222, 17
1558601889.375918, 16
1558601889.391653, 17
1558601889.406831, 16
1558601889.422358, 16
1558601889.438880, 17
1558601889.454557, 17
1558601889.469595, 18
1558601889.484459, 17
1558601889.499288, 17
1558601889.514708, 18
1558601889.530250, 18
1558601889.545707, 18
1558601889.561117, 18
1558601889.576016, 18
1558601889.591188, 18
1558601889.607196, 18
1558601889.623075, 19
1558601889.639574, 19
1558601889.656785, 20
1558601889.672022, 18
1558601889.687425, 18
1558601889.702622, 19
1558601889.718065, 19
1558601889.732766, 20
1558601889.748352, 19
1558601889.764549, 20
1558601889.780946, 18
1558601889.798538, 18
1558601889.814030, 19
1558601889.834718, 20
1558601889.850466, 12
1558601889.866018, 7
1558601889.880106, 6
1558601889.895425, 7
1558601889.911925, 8
1558601889.927869, 8
1558601889.943099, 8
1558601889.958188, 8
1558601889.972841, 8
1558601889.987485, 9
1558601890.003905, 8
1558601890.019469, 9
1558601890.035866, 9
1558601890.052156, 10
1558601890.067620, 9
1558601890.084137, 9
1558601890.098505, 10
1558601890.112829, 10
1558601890.128758, 11
1558601890.144956, 12
1558601890.162124, 11
1558601890.177488, 12
1558601890.194738, 10
1558601890.210869, 12
1558601890.226403, 11
1558601890.242605, 12
1558601890.258584, 12
1558601890.274372, 12
1558601890.289904, 12
1558601890.305058, 11
1558601890.319921, 13
1558601890.334309, 14
1558601890.349664, 14
1558601890.365284, 13
1558601890.381243, 13
1558601890.398954, 12
1558601890.414624, 14
1558601890.430425, 14
1558601890.446204, 15
1558601890.461396, 15
1558601890.475943, 14
1558601890.490703, 15
1558601890.506592, 14
1558601890.522895, 13
1558601890.538665, 16
1558601890.554365, 16
1558601890.569865, 15
1558601890.585197, 15
1558601890.599893, 15
1558601890.614455, 16
1558601890.630797, 14
1558601890.646990, 16
1558601890.662679, 18
1558601890.678576, 16
1558601890.694536, 16
1558601890.709274, 16
1558601890.724738, 17
1558601890.740058, 18
1558601890.755324, 17
1558601890.771123, 19
1558601890.787128, 17
1558601890.802711, 18
1558601890.817471, 18
1558601890.833584, 18
1558601890.849864, 19
1558601890.870133, 18
1558601890.890008, 18
1558601890.911676, 19
1558601890.927422, 19
1558601890.942468, 19
1558601890.957849, 19
1558601890.973731, 18
1558601890.988760, 18
1558601891.004128, 18
1558601891.019809, 18
1558601891.035097, 18
1558601891.050232, 19
1558601891.066253, 17
1558601891.081525, 9
1558601891.097392, 6
1558601891.111718, 6
1558601891.126017, 6
1558601891.142517, 7
1558601891.158008, 7
1558601891.173519, 7
1558601891.189820, 7
1558601891.205283, 6
1558601891.220090, 8
1558601891.235126, 8
1558601891.250225, 10
1558601891.264993, 8
1558601891.280581, 8
1558601891.296607, 9
1558601891.311984, 9
1558601891.327748, 9
1558601891.343978, 11
1558601891.359454, 10
1558601891.374754, 10
1558601891.389084, 10
1558601891.404958, 10
1558601891.420078, 11
1558601891.435179, 12
1558601891.450919, 12
1558601891.470955, 12
1558601891.489903, 11
1558601891.508729, 12
1558601891.528678, 12
1558601891.543914, 13
1558601891.559251, 12
1558601891.574673, 13
1558601891.590532, 12
1558601891.605603, 12
1558601891.621126, 12
1558601891.636170, 13
1558601891.650641, 15
1558601891.666487, 14
1558601891.681454, 14
1558601891.696707, 14
1558601891.711368, 14
1558601891.727405, 14
1558601891.742187, 16
1558601891.758615, 16
1558601891.774484, 15
1558601891.790106, 14
1558601891.805128, 15
1558601891.820333, 15
1558601891.835790, 16
1558601891.851370, 17
1558601891.867003, 16
1558601891.886199, 15
1558601891.902754, 15
1558601891.916901, 17
1558601891.932143, 16
1558601891.947322, 17
1558601891.962691, 18
1558601891.977196, 17
1558601891.990711, 16
1558601892.006558, 17
1558601892.022546, 16
1558601892.037850, 16
1558601892.052952, 18
1558601892.076710, 18
1558601892.100636, 17
1558601892.117119, 18
1558601892.133210, 18
1558601892.148825, 19
1558601892.165474, 20
1558601892.180345, 19
1558601892.197532, 18
1558601892.211794, 19
1558601892.226371, 18
1558601892.241925, 19
1558601892.257821, 17
1558601892.273693, 19
1558601892.289340, 19
1558601892.305066, 19
1558601892.320322, 18
1558601892.334795, 19
1558601892.350011, 19
1558601892.366661, 19
1558601892.382014, 16
1558601892.397811, 7
1558601892.414760, 6
1558601892.430794, 2
1558601892.446436, 3
1558601892.462622, 3
1558601892.478492, 3
1558601892.493839, 1
1558601892.508443, 3
1558601892.522729, 2
1558601892.538610, 2
1558601892.554420, 3
1558601892.569131, 3
1558601892.583197, 2
1558601892.598513, 3
1558601892.613813, 4
1558601892.629429, 4
1558601892.644786, 5
1558601892.659861, 6
1558601892.673786, 5
1558601892.688358, 4
1558601892.703770, 5
1558601892.720086, 6
1558601892.735143, 5
1558601892.756761, 8
1558601892.778929, 5
1558601892.800176, 8
1558601892.820737, 7
1558601892.840685, 8
1558601892.856069, 9
1558601892.874943, 9
1558601892.890720, 8
1558601892.905871, 9
1558601892.922579, 7
1558601892.937827, 9
1558601892.953257, 9
1558601892.967942, 10
1558601892.983684, 9
1558601892.999966, 9
1558601893.015199, 11
1558601893.031203, 11
1558601893.046583, 10
1558601893.061606, 11
1558601893.075524, 11
1558601893.091723, 12
1558601893.107142, 11
1558601893.123314, 12
1558601893.139038, 11
1558601893.155982, 12
1558601893.171696, 12
1558601893.186580, 12
1558601893.200964, 13
1558601893.214839, 12
1558601893.230553, 12
1558601893.246897, 12
1558601893.263462, 13
1558601893.278934, 13
1558601893.293202, 14
1558601893.307513, 13
1558601893.322793, 14
1558601893.337358, 13
1558601893.352818, 15
1558601893.367907, 15
1558601893.382009, 15
1558601893.397215, 14
1558601893.412240, 14
1558601893.428204, 14
1558601893.443951, 14
1558601893.459110, 16
1558601893.474531, 17
1558601893.490085, 16
1558601893.511176, 15
1558601893.532347, 15
1558601893.552026, 16
1558601893.572729, 17
1558601893.593077, 16
1558601893.612260, 16
1558601893.632911, 16
1558601893.655184, 17
1558601893.670628, 19
1558601893.688665, 19
1558601893.703529, 17
1558601893.719497, 17
1558601893.739248, 17
1558601893.759428, 19
1558601893.781242, 19
1558601893.802199, 17
1558601893.824409, 19
1558601893.844944, 19
1558601893.862147, 19
1558601893.877971, 20
1558601893.893688, 20
1558601893.908805, 19
1558601893.924343, 19
1558601893.939084, 20
1558601893.953304, 20
1558601893.967576, 19
1558601893.982739, 19
1558601893.998871, 19
1558601894.013748, 18
1558601894.030092, 17
1558601894.044108, 18
1558601894.058761, 19
1558601894.074249, 14
1558601894.089264, 9
1558601894.103861, 7
1558601894.118172, 7
1558601894.133173, 7
1558601894.148737, 6
1558601894.163841, 9
1558601894.179703, 9
1558601894.196313, 8
1558601894.211947, 7
1558601894.227616, 9
1558601894.243409, 8
1558601894.258723, 9
1558601894.273698, 10
1558601894.289049, 9
1558601894.303609, 9
1558601894.319306, 10
1558601894.333762, 10
1558601894.348603, 10
1558601894.364221, 11
1558601894.378488, 12
1558601894.393893, 10
1558601894.409224, 10
1558601894.423877, 11
1558601894.438553, 11
1558601894.453911, 11
1558601894.469392, 11
1558601894.483985, 13
1558601894.500190, 12
1558601894.515106, 12
1558601894.530832, 11
1558601894.551642, 13
1558601894.571656, 13
1558601894.591468, 14
1558601894.612077, 13
1558601894.631894, 13
1558601894.652335, 14
1558601894.671732, 15
1558601894.688114, 16
1558601894.703911, 14
1558601894.719264, 14
1558601894.735264, 14
1558601894.750872, 15
1558601894.765688, 15
1558601894.781085, 16
1558601894.797504, 16
1558601894.812441, 16
1558601894.828752, 16
1558601894.844277, 15
1558601894.859251, 16
1558601894.874788, 16
1558601894.889999, 18
1558601894.905224, 16
1558601894.919726, 16
1558601894.935407, 16
1558601894.950046, 16
1558601894.964126, 16
1558601894.978513, 18
1558601894.992951, 17
1558601895.006979, 18
1558601895.021179, 17
1558601895.035536, 18
1558601895.050376, 17
1558601895.064819, 19
1558601895.079743, 19
1558601895.095087, 20
1558601895.109311, 16
1558601895.123891, 17
1558601895.138500, 17
1558601895.153344, 17
1558601895.167313, 18
1558601895.182095, 11
1558601895.198075, 7
1558601895.212076, 6
1558601895.226517, 5
1558601895.240778, 5
1558601895.254946, 6
1558601895.269706, 8
1558601895.283668, 7
1558601895.298522, 7
1558601895.314046, 7
1558601895.329057, 8
1558601895.344542, 7
1558601895.359561, 8
1558601895.375210, 9
1558601895.390566, 8
1558601895.405700, 9
1558601895.421638, 10
1558601895.437298, 9
1558601895.452652, 9
1558601895.468389, 11
1558601895.488032, 10
1558601895.507551, 9
1558601895.522427, 9
1558601895.537231, 10
1558601895.552402, 9
1558601895.567472, 11
1558601895.583056, 13
1558601895.598495, 12
1558601895.613558, 11
1558601895.628985, 11
1558601895.644573, 11
1558601895.659696, 12
1558601895.675468, 13
1558601895.690570, 13
1558601895.706520, 11
1558601895.722726, 12
1558601895.738856, 12
1558601895.758643, 14
1558601895.779715, 14
1558601895.801546, 13
1558601895.820872, 14
1558601895.838819, 13
1558601895.854598, 14
1558601895.873355, 16
1558601895.893707, 16
1558601895.913830, 14
1558601895.934577, 14
1558601895.950873, 16
1558601895.966219, 16
1558601895.981619, 16
1558601895.998382, 17
1558601896.015876, 16
1558601896.031541, 16
1558601896.047045, 15
1558601896.061330, 16
1558601896.076798, 17
1558601896.092807, 17
1558601896.107557, 17
1558601896.123812, 16
1558601896.138734, 16
1558601896.158883, 16
1558601896.188266, 19
1558601896.205223, 19
1558601896.220261, 17
1558601896.238125, 17
1558601896.252816, 18
1558601896.267395, 17
1558601896.282681, 18
1558601896.298110, 20
1558601896.313690, 19
1558601896.329333, 18
1558601896.344804, 18
1558601896.359849, 18
1558601896.375436, 19
1558601896.391333, 19
1558601896.406946, 19
1558601896.424115, 19
1558601896.439729, 19
1558601896.454160, 18
1558601896.468983, 18
1558601896.484578, 19
1558601896.500345, 20
1558601896.515696, 16
1558601896.531032, 11
1558601896.545821, 8
1558601896.561442, 7
1558601896.576976, 9
1558601896.592165, 9
1558601896.609034, 7
1558601896.624919, 8
1558601896.640787, 8
1558601896.656673, 7
1558601896.671611, 9
1558601896.686364, 10
1558601896.701199, 9
1558601896.716609, 9
1558601896.733217, 9
1558601896.749283, 10
1558601896.764862, 9
1558601896.780512, 10
1558601896.796628, 11
1558601896.811436, 10
1558601896.826490, 10
1558601896.840773, 10
1558601896.855714, 11
1558601896.870636, 10
1558601896.885965, 11
1558601896.900537, 12
1558601896.915735, 12
1558601896.931273, 12
1558601896.947582, 13
1558601896.962119, 12
1558601896.977847, 12
1558601896.994486, 14
1558601897.010203, 13
1558601897.025796, 12
1558601897.041391, 13
1558601897.057299, 14
1558601897.072687, 14
1558601897.087438, 14
1558601897.102646, 15
1558601897.117934, 14
1558601897.132687, 15
1558601897.147541, 13
1558601897.163344, 14
1558601897.178431, 15
1558601897.194623, 15
1558601897.211594, 14
1558601897.226612, 15
1558601897.242200, 16
1558601897.257814, 15
1558601897.272833, 15
1558601897.287918, 17
1558601897.303410, 17
1558601897.319378, 16
1558601897.334564, 17
1558601897.348595, 17
1558601897.363109, 16
1558601897.378421, 16
1558601897.394304, 18
1558601897.409786, 18
1558601897.426324, 17
1558601897.441468, 18
1558601897.457454, 17
1558601897.475535, 16
1558601897.492013, 19
1558601897.508838, 19
1558601897.527081, 17
1558601897.547895, 18
1558601897.562834, 19
1558601897.577610, 18
1558601897.593526, 20
1558601897.610090, 19
1558601897.626113, 19
1558601897.640533, 18
1558601897.658537, 18
1558601897.674399, 19
1558601897.691629, 19
1558601897.708072, 19
1558601897.725165, 20
1558601897.741028, 18
1558601897.757815, 19
1558601897.774705, 20
1558601897.790181, 20
1558601897.805835, 13
1558601897.821222, 8
1558601897.837028, 7
1558601897.852070, 4
1558601897.867740, 2
1558601897.883677, 0
1558601897.898241, 2
1558601897.913542, 3
1558601897.928516, 2
1558601897.943006, 2
1558601897.957503, 2
1558601897.974447, 3
1558601897.992575, 3
1558601898.011772, 2
1558601898.027205, 4
1558601898.043236, 4
1558601898.062585, 3
1558601898.077661, 4
1558601898.092680, 4
1558601898.108151, 4
1558601898.123141, 5
1558601898.139435, 5
1558601898.154703, 6
1558601898.170459, 6
1558601898.185727, 5
1558601898.199695, 8
1558601898.215467, 6
1558601898.229579, 6
1558601898.243858, 8
1558601898.257678, 7
1558601898.272998, 7
1558601898.288785, 7
1558601898.303771, 9
1558601898.317998, 8
1558601898.332866, 9
1558601898.347513, 9
1558601898.361820, 9
1558601898.377624, 9
1558601898.394143, 11
1558601898.409046, 11
1558601898.423909, 9
1558601898.438577, 9
1558601898.453075, 10
1558601898.467383, 11
1558601898.480879, 10
1558601898.494865, 12
1558601898.508841, 11
1558601898.523451, 11
1558601898.538499, 11
1558601898.552934, 11
1558601898.567421, 11
1558601898.582244, 11
1558601898.598084, 12
1558601898.612774, 14
1558601898.627093, 13
1558601898.641948, 12
1558601898.657690, 13
1558601898.673912, 13
1558601898.691962, 14
1558601898.707301, 14
1558601898.722864, 15
1558601898.738976, 14
1558601898.755508, 13
1558601898.772113, 13
1558601898.788704, 14
1558601898.805055, 15
1558601898.821511, 16
1558601898.837901, 14
1558601898.854050, 15
1558601898.870688, 15
1558601898.887439, 15
1558601898.902987, 16
1558601898.918638, 16
1558601898.933852, 16
1558601898.948902, 16
1558601898.963850, 17
1558601898.979314, 15
1558601898.995143, 16
1558601899.010429, 16
1558601899.026339, 17
1558601899.041693, 17
1558601899.056645, 17
1558601899.070789, 17
1558601899.087406, 16
1558601899.103029, 18
1558601899.118480, 19
1558601899.133526, 18
1558601899.149409, 17
1558601899.169655, 17
1558601899.190463, 17
1558601899.206622, 18
1558601899.221295, 20
1558601899.236547, 20
1558601899.252635, 18
1558601899.268052, 18
1558601899.283678, 18
1558601899.299954, 19
1558601899.314866, 18
1558601899.328694, 19
1558601899.343744, 19
1558601899.359053, 18
1558601899.374654, 17
1558601899.389813, 18
1558601899.406759, 19
1558601899.422027, 13
1558601899.436817, 7
1558601899.452364, 6
1558601899.467268, 5
1558601899.482136, 6
1558601899.496563, 8
1558601899.512496, 8
1558601899.527752, 8
1558601899.543266, 7
1558601899.558604, 8
1558601899.574679, 9
1558601899.590519, 9
1558601899.604957, 9
1558601899.619831, 10
1558601899.634230, 9
1558601899.648358, 9
1558601899.663406, 10
1558601899.678091, 9
1558601899.691976, 10
1558601899.709143, 12
1558601899.727727, 11
1558601899.743480, 10
1558601899.759122, 10
1558601899.774026, 11
1558601899.789683, 11
1558601899.815049, 12
1558601899.833831, 12
1558601899.848856, 11
1558601899.863082, 12
1558601899.878240, 13
1558601899.893420, 13
1558601899.907168, 13
1558601899.922601, 14
1558601899.939738, 12
1558601899.956150, 12
1558601899.972324, 14
1558601899.988922, 14
1558601900.006115, 14
1558601900.022005, 15
1558601900.037374, 14
1558601900.052755, 13
1558601900.068091, 14
1558601900.086377, 14
1558601900.102658, 15
1558601900.117475, 15
1558601900.132412, 15
1558601900.148331, 15
1558601900.162888, 16
1558601900.177612, 15
1558601900.193721, 16
1558601900.210444, 16
1558601900.227927, 16
1558601900.242893, 16
1558601900.262255, 15
1558601900.278765, 16
1558601900.293528, 16
1558601900.310265, 18
1558601900.326133, 18
1558601900.341285, 16
1558601900.356516, 17
1558601900.371610, 16
1558601900.389426, 17
1558601900.405301, 18
1558601900.422021, 18
1558601900.438446, 19
1558601900.454383, 17
1558601900.472038, 18
1558601900.487713, 19
1558601900.504090, 19
1558601900.520612, 20
1558601900.536524, 19
1558601900.550880, 18
1558601900.565061, 19
1558601900.579441, 19
1558601900.594779, 18
1558601900.610362, 18
1558601900.625325, 19
1558601900.640048, 20
1558601900.656639, 19
1558601900.671395, 20
1558601900.687772, 20
1558601900.703768, 20
1558601900.718710, 19
1558601900.734548, 13
1558601900.750041, 7
1558601900.764229, 7
1558601900.779575, 6
1558601900.795357, 7
1558601900.811686, 8
1558601900.827178, 9
1558601900.842551, 8
1558601900.856345, 9
1558601900.871679, 9
1558601900.886396, 8
1558601900.902013, 9
1558601900.921489, 11
1558601900.938548, 9
1558601900.954451, 9
1558601900.969641, 10
1558601900.985610, 11
1558601901.000758, 10
1558601901.015613, 12
1558601901.031240, 11
1558601901.046605, 10
1558601901.061990, 11
1558601901.077077, 12
1558601901.093682, 12
1558601901.110827, 10
1558601901.125931, 13
1558601901.142183, 12
1558601901.157734, 12
1558601901.173034, 11
1558601901.188535, 13
1558601901.203206, 14
1558601901.218906, 14
1558601901.234098, 13
1558601901.249277, 12
1558601901.264747, 12
1558601901.279791, 12
1558601901.295397, 13
1558601901.310690, 13
1558601901.326525, 13
1558601901.341950, 16
1558601901.357919, 15
1558601901.372101, 14
1558601901.387791, 15
1558601901.402968, 15
1558601901.417543, 15
1558601901.433227, 15
1558601901.448224, 16
1558601901.463493, 15
1558601901.478809, 15
1558601901.494791, 15
1558601901.510431, 16
1558601901.525777, 16
1558601901.541516, 16
1558601901.556811, 16
1558601901.572752, 16
1558601901.588087, 16
1558601901.603126, 16
1558601901.618094, 17
1558601901.633470, 17
1558601901.648626, 17
1558601901.663825, 17
1558601901.678526, 17
1558601901.693706, 18
1558601901.709882, 16
1558601901.725977, 19
1558601901.742063, 18
1558601901.757249, 18
1558601901.773365, 18
1558601901.788051, 18
1558601901.801977, 18
1558601901.817265, 18
1558601901.832050, 19
1558601901.846586, 19
1558601901.861439, 18
1558601901.877152, 18
1558601901.891828, 19
1558601901.906403, 20
1558601901.922061, 19
1558601901.937724, 20
1558601901.952958, 20
1558601901.968495, 19
1558601901.983247, 19
1558601901.999518, 20
1558601902.014845, 19
1558601902.030365, 20
1558601902.045397, 19
1558601902.060275, 19
1558601902.075266, 18
1558601902.090334, 18
1558601902.105197, 18
1558601902.119820, 18
1558601902.134351, 14
1558601902.149610, 9
1558601902.163734, 6
1558601902.178865, 7
1558601902.192912, 8
1558601902.208578, 7
1558601902.227129, 11
1558601902.244996, 8
1558601902.261029, 8
1558601902.276992, 8
1558601902.291775, 10
1558601902.306755, 9
1558601902.322454, 11
1558601902.336415, 10
1558601902.351985, 9
1558601902.368219, 10
1558601902.384131, 11
1558601902.401304, 10
1558601902.419337, 11
1558601902.437569, 12
1558601902.454603, 11
1558601902.471440, 11
1558601902.487179, 12
1558601902.503578, 11
1558601902.521531, 11
1558601902.537007, 14
1558601902.553277, 12
1558601902.568663, 12
1558601902.586334, 13
1558601902.602124, 12
1558601902.618180, 14
1558601902.634018, 14
1558601902.650578, 15
1558601902.667178, 14
1558601902.683048, 12
1558601902.699788, 14
1558601902.716794, 14
1558601902.735459, 14
1558601902.755033, 15
1558601902.769606, 15
1558601902.785100, 14
1558601902.801130, 15
1558601902.816357, 16
1558601902.833236, 16
1558601902.851170, 15
1558601902.866637, 16
1558601902.883163, 16
1558601902.899274, 15
1558601902.915451, 17
1558601902.932819, 18
1558601902.949839, 17
1558601902.966903, 16
1558601902.983819, 17
1558601903.001048, 17
1558601903.018510, 17
1558601903.034582, 18
1558601903.050618, 18
1558601903.067376, 18
1558601903.083413, 18
1558601903.105495, 17
1558601903.124709, 18
1558601903.140243, 19
1558601903.167793, 18
1558601903.184362, 17
1558601903.200221, 17
1558601903.217059, 17
1558601903.234756, 17
1558601903.250424, 19
1558601903.267541, 18
1558601903.283524, 10
1558601903.300092, 7
1558601903.316352, 6
1558601903.333090, 8
1558601903.350023, 6
1558601903.369595, 6
1558601903.384385, 8
1558601903.400643, 7
1558601903.418502, 7
1558601903.434755, 9
1558601903.449640, 8
1558601903.465007, 8
1558601903.480875, 8
1558601903.497360, 9
1558601903.512623, 9
1558601903.528202, 10
1558601903.543976, 10
1558601903.559594, 10
1558601903.574758, 9
1558601903.589815, 11
1558601903.604982, 11
1558601903.619655, 10
1558601903.634627, 11
1558601903.651653, 13
1558601903.667261, 11
1558601903.683883, 12
1558601903.700370, 12
1558601903.716804, 11
1558601903.734804, 13
1558601903.750631, 13
1558601903.767402, 13
1558601903.783173, 12
1558601903.800959, 13
1558601903.818412, 13
1558601903.834234, 14
1558601903.850102, 14
1558601903.872430, 14
1558601903.892818, 13
1558601903.913556, 14
1558601903.930477, 14
1558601903.946135, 15
1558601903.960984, 15
1558601903.975270, 15
1558601904.014457, 14
1558601904.031167, 14
1558601904.047371, 17
1558601904.062434, 16
1558601904.078243, 15
1558601904.095353, 16
1558601904.111445, 16
1558601904.127165, 15
1558601904.144415, 17
1558601904.163616, 17
1558601904.180059, 16
1558601904.195432, 16
1558601904.210529, 16
1558601904.225264, 17
1558601904.241398, 17
1558601904.257218, 18
1558601904.272825, 19
1558601904.288277, 17
1558601904.303996, 17
1558601904.319451, 18
1558601904.334655, 17
1558601904.349809, 18
1558601904.364993, 19
1558601904.380225, 18
1558601904.395926, 18
1558601904.411973, 19
1558601904.427528, 18
1558601904.443020, 19
1558601904.457726, 19
1558601904.477106, 18
1558601904.497168, 18
1558601904.517765, 17
1558601904.533293, 19
1558601904.548697, 19
1558601904.564138, 19
1558601904.579669, 12
1558601904.595931, 8
1558601904.611403, 7
1558601904.627237, 6
1558601904.642849, 7
1558601904.657895, 7
1558601904.673922, 6
1558601904.689528, 8
1558601904.704877, 7
1558601904.720207, 9
1558601904.735689, 7
1558601904.750714, 9
1558601904.765111, 8
15